profile = "whole-plane"
n_shards = 1
doses_Gy = [0.2, 0.1, 0.05]
M_total = 3938351
selection = "all-uncorrected"
seed_base = 1000000
realizations = 50

[[point]]
offset_mm = -9.610882000587218
mean_fit_mm = -15.194807306446844
target_counts = 787670
sigma_fit_mm = 0.2132583483985025
n_fail = 0
n_ok = 50
dose_Gy = 0.2
sigma_crossing_mm = 0.25715072452160287
[[point]]
offset_mm = -9.58549155948204
mean_fit_mm = -15.169416865341667
target_counts = 393835
sigma_fit_mm = 0.3128297896606698
n_fail = 0
n_ok = 50
dose_Gy = 0.1
sigma_crossing_mm = 0.3697732540336207
[[point]]
offset_mm = -9.539246303756883
mean_fit_mm = -15.12317160961651
target_counts = 196918
sigma_fit_mm = 0.40025952086681843
n_fail = 0
n_ok = 50
dose_Gy = 0.05
sigma_crossing_mm = 0.5041020210014595
