n_shards = 10
selection = "all-events (working protocol)"
sigma_R_inflation = 1.1142891145273381
seed_base = 2000000
delta_R50_truth_mm = 0.21823590891089317
kept_fraction = 0.42747506071634805
delta_R50_detected_mm = 0.20019285781002516
counting_expectation = 1.5294828395612916

[nominal]
R50_per_shard_mm = [-14.981012613663145, -14.694402276075431, -14.592068544772982, -14.72885948932757, -14.690366049315234, -14.64850716830247, -14.69658829826161, -14.658032551308935, -14.859404422764396, -14.69188206380421]
R50_mean_mm = -14.724112347759597
sigma_R_mm = 0.11336290870138378

[washed]
R50_per_shard_mm = [-14.676711934407068, -14.349967413550102, -14.320283155838839, -14.523804060326462, -14.518788021902026, -14.672601590443902, -14.503641550314708, -14.470186397744948, -14.675883819899235, -14.527326955068416]
R50_mean_mm = -14.523919489949572
sigma_R_mm = 0.12631905515710842
