n_shards = 10
selection = "all-events (working protocol)"
seed_base = 2000000

[[point]]
nominal_sigma_R_mm = 0.10215259737034814
delta_R50_washout_mm = 0.21676059890596555
nominal_R50_mean_mm = -15.160367654194697
g_O15 = 0.41967534069799206
washed_sigma_R_mm = 0.15962598037561382
washed_R50_per_shard_mm = [-15.23381291299466, -14.937043382456396, -15.077959389784029, -15.073897949968329, -15.020199273954669, -14.681720576615806, -14.808653416789296, -14.872449110835893, -14.863971309497774, -14.866363229990483]
t_start_s = 60.0
kept_fraction = 0.3094195509946688
washed_R50_mean_mm = -14.943607055288732
[[point]]
nominal_sigma_R_mm = 0.11624929899105699
delta_R50_washout_mm = 0.1794928837772254
nominal_R50_mean_mm = -15.710907837208794
g_O15 = 0.3984754460426082
washed_sigma_R_mm = 0.12297329598258386
washed_R50_per_shard_mm = [-15.620948039659233, -15.417015224848624, -15.595473954343928, -15.352269300138842, -15.65923541067105, -15.416371249105865, -15.57038956147516, -15.523034603517905, -15.726292672613626, -15.433119517941439]
t_start_s = 120.0
kept_fraction = 0.2314684461760569
washed_R50_mean_mm = -15.531414953431568
[[point]]
nominal_sigma_R_mm = 0.10839207799872118
delta_R50_washout_mm = 0.18476800434255836
nominal_R50_mean_mm = -16.30505651176197
g_O15 = 0.3823803479635886
washed_sigma_R_mm = 0.16125551039280286
washed_R50_per_shard_mm = [-16.113608761450212, -16.213979293584252, -16.19457121851506, -16.048331847168775, -16.2224724425857, -15.761880121436194, -16.01864548499857, -16.04909053150547, -16.254758266256648, -16.325547106693236]
t_start_s = 180.0
kept_fraction = 0.17812445297218288
washed_R50_mean_mm = -16.12028850741941
[[point]]
nominal_sigma_R_mm = 0.10419729099262164
delta_R50_washout_mm = 0.0946950460265974
nominal_R50_mean_mm = -17.66399030220727
g_O15 = 0.36060859361975917
washed_sigma_R_mm = 0.21280051217612211
washed_R50_per_shard_mm = [-17.892179590266196, -17.493414456717787, -17.636685598652214, -17.41222497462277, -17.899418725589687, -17.407088068836625, -17.438627576953248, -17.714345436205136, -17.535964555614004, -17.26300357834906]
t_start_s = 300.0
kept_fraction = 0.11334598175909824
washed_R50_mean_mm = -17.569295256180673
