method = "thinned realizations of the pooled master"
seed_base = 2000000
realizations = 30
dose_Gy = 0.3
sigma_band = 0.13130643285972254

[[point]]
inflation = 1.7567654546258904
min_washed_events = 1057557
nominal_sigma_R_mm = 0.1680716626402206
n_fail_nominal = 0
washout_survival = 0.3818494418320578
t_start_s = 120.0
washed_R50_mm = [-14.849409823459274, -15.668115352180202, -15.767054451127933, -15.573729733614778, -15.604812408579512, -15.249284229258793, -15.315702841637664, -15.25921868235385, -15.389992340944769, -15.317004352201263, -15.573895714537842, -15.225239063182553, -16.112930351876365, -15.897503601666848, -14.939470193012877, -15.750359203654618, -15.418320361545597, -15.97637062922278, -15.590362321473998, -15.367383910508039, -15.750566542857765, -15.84193634749447, -15.646659855531555, -15.499450361100626, -15.36665359608054, -15.92749426570103, -15.691230777378195, -15.841621150433582, -15.780694401166112, -15.610724929755778]
nominal_R50_mm = [-15.603246937494562, -15.848543717008925, -15.51652985568793, -15.721874902298804, -15.40587996059796, -15.6544987366801, -15.917787338240954, -15.888540035518364, -15.721910620421735, -15.870292745403974, -15.889264258324253, -15.539245373924391, -15.79634360119035, -15.800939499734783, -15.85381340986503, -15.45309451590578, -15.914299476131733, -15.780052481359785, -15.877762846756154, -15.918337328498346, -15.590945116864702, -15.954816773788691, -16.051364976382022, -15.535975266965766, -15.719846929419559, -15.994570075284022, -15.60807001547212, -15.764710766416853, -15.795297793478086, -15.892363449837308]
n_fail_washed = 0
delta_R50_washout_mm = 0.20256756704712764
washed_sigma_R_mm = 0.2952624908278764
[[point]]
inflation = 1.1577342186557023
min_washed_events = 812482
nominal_sigma_R_mm = 0.22324644131154348
n_fail_nominal = 0
washout_survival = 0.36778184287116644
t_start_s = 180.0
washed_R50_mm = [-16.574627365448837, -16.459517215184075, -16.95522857897, -15.98246091621843, -16.191347636692758, -15.626267966666546, -16.202851649473523, -16.279811481355836, -15.915512945914745, -16.58489466648385, -16.20301395982722, -16.193063200216283, -16.482017721942903, -16.08096333803585, -16.09697533158002, -16.122519227628583, -16.52146042703332, -16.03284803303179, -16.148036211311407, -16.44345822878159, -16.050898641483695, -16.211432577898147, -16.006631499484598, -15.95312271971789, -16.216966740635293, -16.40959823353541, -16.324666327200287, -16.004258496279316, -16.317434804320367, -16.043698730805996]
nominal_R50_mm = [-16.546401265437215, -16.215074311980665, -16.11112630557017, -16.55060445375871, -16.63718914028737, -16.542600166299646, -16.4747473464561, -16.295738034564728, -16.2526758023878, -16.450861958861044, -16.14520484791251, -16.27021170211849, -16.172068345991274, -16.682217260429155, -16.562969012824308, -16.458487631377867, -16.803600606949985, -16.454417616944934, -15.976401671924036, -16.730212363786965, -16.07266548017654, -16.798442098885413, -16.331119603419136, -16.58366777357364, -16.323446170281468, -16.16508429939637, -16.224192810306405, -16.19995721169463, -16.26980482154436, -16.252006502733543]
n_fail_washed = 0
delta_R50_washout_mm = 0.16392039149053161
washed_sigma_R_mm = 0.2584600442994859
