method = "thinned realizations of the pooled master"
seed_base = 2000000
realizations = 30
dose_Gy = 0.5
sigma_band = 0.13130643285972254

[[point]]
inflation = 2.019962387960247
min_washed_events = 862477
nominal_sigma_R_mm = 0.1825169055751292
n_fail_nominal = 0
washout_survival = 0.3498332695516104
t_start_s = 300.0
washed_R50_mm = [-18.04101892750314, -17.894501241848197, -17.814330185776903, -17.845193289998903, -16.81536432378299, -17.13900509883775, -18.148968515297845, -17.607135411609462, -17.562200325692423, -16.995016963597386, -17.50881108772067, -17.931074467844557, -17.622062399183644, -17.710195536464564, -17.79796069066805, -17.011319530959554, -17.510843322297447, -17.70622738979395, -17.264043646728187, -16.995911406478502, -18.226554875867777, -17.255316174983776, -17.31726763279961, -17.27611219022742, -17.279285810339516, -17.61117003284761, -17.471685006978735, -17.739015761107723, -17.26231289492058, -17.03279191430874]
nominal_R50_mm = [-17.836234546375763, -17.70932635777847, -17.564834000474818, -17.692583851406443, -17.939983001666523, -17.533687688791925, -17.369982483433553, -17.806566463488274, -17.758781068706075, -17.61948718945352, -17.2706842614561, -17.771820132673607, -17.643180175824124, -17.7063576906564, -17.561869880206725, -17.59825331653418, -17.971060776115152, -17.59740604839217, -17.358669370118697, -17.593051593082034, -17.876054145829443, -17.698312130231443, -17.429222039296924, -17.67333283354326, -17.595768217794493, -17.627147260860884, -18.11840014240956, -17.791833028610817, -17.72222602489445, -17.678273419772708]
n_fail_washed = 0
delta_R50_washout_mm = 0.15738976944710004
washed_sigma_R_mm = 0.36867728442865294
