method = "thinned realizations of the pooled master"
seed_base = 2000000
realizations = 30
dose_Gy = 0.2
sigma_band = 0.13130643285972254

[[point]]
inflation = 1.340274743442632
min_washed_events = 1302255
nominal_sigma_R_mm = 0.23830084804288326
n_fail_nominal = 0
washout_survival = 0.4274869519078079
t_start_s = 0.0
washed_R50_mm = [-14.789521672929943, -13.895678408156115, -14.766553666743196, -14.845201487483264, -14.489346990545249, -14.78224843922018, -14.848983843758244, -14.854489375972344, -14.643240975513333, -14.726231609647837, -14.36489280560493, -14.370149993823988, -13.913494224803987, -14.586287059863828, -15.01653169910667, -14.37729796181878, -14.387063735480659, -14.227444575678886, -14.208502619614494, -14.633290992255112, -13.980095788615317, -14.253042577698851, -14.013015510070867, -14.797612403154053, -14.966035427567862, -14.512487247340111, -14.705624060060934, -14.84378571170084, -14.44545927403457, -14.314324931448697]
nominal_R50_mm = [-14.735903849627894, -14.58146054682428, -15.31445122774242, -14.679562737532507, -14.556276058044315, -14.906595013963715, -14.771933356504862, -14.86819072864317, -15.006031397170291, -14.59519568127222, -14.681684209497945, -14.613084266701199, -14.936606057747484, -14.674275780040494, -14.65332462878753, -14.71908989598265, -14.861203499798934, -14.815605672269804, -14.701956724363173, -14.676668209210607, -14.964619142925427, -14.549154020559085, -15.26369004201234, -14.015227400254592, -14.899112367189318, -14.620770809070935, -14.89750624059037, -14.957933879972495, -14.96499414806508, -14.6832653570843]
n_fail_washed = 0
delta_R50_washout_mm = 0.2535812626578746
washed_sigma_R_mm = 0.319388607972837
[[point]]
inflation = 1.4348612307809934
min_washed_events = 941699
nominal_sigma_R_mm = 0.21521753560142104
n_fail_nominal = 0
washout_survival = 0.4010716619580072
t_start_s = 60.0
washed_R50_mm = [-15.210578353837244, -15.295645828565041, -15.185513867014416, -14.916255693276005, -14.507788490568133, -14.32719596144217, -14.835453883533694, -14.863137731319792, -14.647676645171885, -15.089528220673063, -15.033904546271676, -14.234392441505676, -15.08626029898711, -14.818063214837485, -15.026731458915176, -15.271227868805871, -15.27808005664747, -14.939856091824419, -15.266993140982285, -14.756023384529602, -15.195121512519243, -15.128579236857906, -15.415210114041, -15.581458263718154, -15.082824291041485, -15.207450019118648, -14.87385631625079, -15.380596486624784, -14.91840680981137, -14.84285726673283]
nominal_R50_mm = [-15.167474273622178, -15.113695487940635, -15.345109209460416, -15.416455701197147, -15.473428799514872, -15.220680522917934, -15.178511664640853, -15.057458157087108, -15.394364705171924, -15.360122063680352, -15.593764350897432, -14.793810205535225, -15.151720359667962, -15.112365054706924, -15.189680067323483, -15.390530285719798, -15.257941365085326, -15.105390833004614, -15.25548215676347, -15.144793626456831, -15.256979526593955, -15.402441010568586, -15.045209739795693, -14.95278876309747, -15.280558967503875, -15.18465869754287, -15.161439110446814, -14.474772112580123, -15.414926115830772, -15.320183828168025]
n_fail_washed = 0
delta_R50_washout_mm = 0.20000230890327586
washed_sigma_R_mm = 0.30880729801870727
