niter_plateau_check = 100
out_of_grid_frac = 0.0006101176253606305
n_events = 7146163
shard = 0
window_mm = [-36.45211098410399, -1.4521109841039888]
niter = 50
selection = "trues-only"
profile = "whole-plane"

[final]
z0_err_mm = 0.18133821210878828
stability_spread_mm = 0.061955222710986746
w_mm = 10.414237165440204
r50_fit_mm = -14.679137442225121
r50_crossing_mm = -15.95674852545007

    [final.stability]
    "window_2.0mm" = -14.704346298036421
    "window_-2.0mm" = -14.617182219514135

[r50_vs_iter]
z0_err_mm = [0.1783097600666905, 0.17978396396828716, 0.18055270048385116, 0.18103525079576893, 0.18133821210878828, 0.1815326202723142, 0.1816602987259141, 0.18174599317598, 0.18180451002045944, 0.18184519392154716]
iters = [10, 20, 30, 40, 50, 60, 70, 80, 90, 100]
r50_mm = [-14.701045525050722, -14.680855957389076, -14.678337274101864, -14.678356359394947, -14.679137442225121, -14.68003246308178, -14.680816505197276, -14.681437925998518, -14.681899528336508, -14.68223098325012]

[timing_s]
recon = 13.619514041
attenuation = 0.050684042

[reference]
dose_R80_mm = -5.583925305859627
activity_R50_crossing_mm = -16.45211098410399
activity_R50_fit_mm = -14.323083184884254

[sens]
cache = "/Users/jjgomezcadenas/Projects/CryspBrainSim/out/uniform_headep_sobp_1e8/closed/crysp_r35_50cm_bgo_2x0/sensitivity/grid64x64x96_1.5mm_orgm47.25_m47.25_m119.25_n1000000000"
n_sens = 1000000000
recocrysp_sha = "a6d900e9818aa27bda9bb2ef43ef21f54f1d5bb6"

[grid]
img_origin = [-47.25, -47.25, -119.25]
voxsize = [1.5, 1.5, 1.5]
n = [64, 64, 96]
