niter_plateau_check = 100
out_of_grid_frac = 0.0006033831647514206
n_events = 9670472
shard = 0
window_mm = [-36.45211098410399, -1.4521109841039888]
niter = 50
selection = "all-uncorrected"
profile = "whole-plane"

[final]
z0_err_mm = 0.2627739077156443
stability_spread_mm = 0.26551600057282343
w_mm = 10.441322387092999
r50_fit_mm = -14.61270494089802
r50_crossing_mm = -15.849374704133572

    [final.stability]
    "window_2.0mm" = -14.659715563255926
    "window_-2.0mm" = -14.347188940325196

[r50_vs_iter]
z0_err_mm = [0.2603821820357913, 0.2619052301449199, 0.26243690741212616, 0.26260494540508134, 0.2627739077156443, 0.26294584392224757, 0.26310022747127565, 0.2632330620639001, 0.2633434223043721, 0.26343205664186714]
iters = [10, 20, 30, 40, 50, 60, 70, 80, 90, 100]
r50_mm = [-14.622221788130986, -14.594997685271377, -14.599177443352364, -14.607487402134751, -14.61270494089802, -14.6155547226443, -14.61709366665656, -14.61788356319747, -14.618241062893786, -14.618365374250912]

[timing_s]
recon = 15.137543166
attenuation = 0.047292458

[reference]
dose_R80_mm = -5.583925305859627
activity_R50_crossing_mm = -16.45211098410399
activity_R50_fit_mm = -14.323083184884254

[sens]
cache = "/Users/jjgomezcadenas/Projects/CryspBrainSim/out/uniform_headep_sobp_1e8/closed/crysp_r35_50cm_bgo_2x0/sensitivity/grid64x64x96_1.5mm_orgm47.25_m47.25_m119.25_n1000000000"
n_sens = 1000000000
recocrysp_sha = "a6d900e9818aa27bda9bb2ef43ef21f54f1d5bb6"

[grid]
img_origin = [-47.25, -47.25, -119.25]
voxsize = [1.5, 1.5, 1.5]
n = [64, 64, 96]
