niter_plateau_check = 100
out_of_grid_frac = 0.0005936738168562172
n_events = 17430447
shard = 5
window_mm = [-36.45211098410399, -1.4521109841039888]
niter = 50
selection = "all-uncorrected"
roi_mm = 13.0

[final]
z0_err_mm = 0.1676493195907579
stability_spread_mm = 0.24347106468350077
w_mm = 9.190940394108509
r50_fit_mm = -15.595008251150398
r50_crossing_mm = -15.638451029199052

    [final.stability]
    "window_2.0mm" = -15.555795774535087
    "roi_15.0mm" = -15.580171145140108
    "roi_12.0mm" = -15.635748125829135
    "window_-2.0mm" = -15.351537186466897

[r50_vs_iter]
z0_err_mm = [0.1712404912796984, 0.16759902704502724, 0.16706858439592345, 0.16728565830102465, 0.1676493195907579, 0.16801619714030205, 0.16834519424620395, 0.16862815265658324, 0.1688683466308622, 0.1690723670437896]
iters = [10, 20, 30, 40, 50, 60, 70, 80, 90, 100]
r50_mm = [-15.630400288892998, -15.60830381059105, -15.596019511098993, -15.593801455023604, -15.595008251150398, -15.59744596483595, -15.600334653676041, -15.603317530727772, -15.60619247290556, -15.608872525506072]

[timing_s]
recon = 28.888266375
attenuation = 0.056101

[reference]
dose_R80_mm = -5.583925305859627
activity_R50_crossing_mm = -16.45211098410399
activity_R50_fit_mm = -14.323083184884254

[sens]
cache = "/Users/jjgomezcadenas/Projects/CryspBrainSim/out/uniform_headep_sobp_1e8/closed/crysp_ring_1m/sensitivity/grid64x64x96_1.5mm_orgm47.25_m47.25_m119.25_n1000000000"
n_sens = 1000000000
recocrysp_sha = "a6d900e9818aa27bda9bb2ef43ef21f54f1d5bb6"

[grid]
img_origin = [-47.25, -47.25, -119.25]
voxsize = [1.5, 1.5, 1.5]
n = [64, 64, 96]
