niter_plateau_check = 100
out_of_grid_frac = 0.0005805772128953568
n_events = 17424039
shard = 2
window_mm = [-36.45211098410399, -1.4521109841039888]
niter = 50
selection = "all-uncorrected"
roi_mm = 13.0

[final]
z0_err_mm = 0.16754062578291776
stability_spread_mm = 0.3248788704084422
w_mm = 9.196361089420577
r50_fit_mm = -15.510520852493087
r50_crossing_mm = -15.94096359369396

    [final.stability]
    "window_2.0mm" = -15.428888635964263
    "roi_15.0mm" = -15.466579124047325
    "roi_12.0mm" = -15.675943006062123
    "window_-2.0mm" = -15.185641982084645

[r50_vs_iter]
z0_err_mm = [0.1708393699240237, 0.16732659749920148, 0.16692093994743679, 0.16718554287624027, 0.16754062578291776, 0.16787141642720763, 0.16815023529723325, 0.16837428667717885, 0.16855047463367706, 0.1686869832904512]
iters = [10, 20, 30, 40, 50, 60, 70, 80, 90, 100]
r50_mm = [-15.55220338034597, -15.526414404197173, -15.51321778629256, -15.510285823369697, -15.510520852493087, -15.511869952588823, -15.513783725754099, -15.515974721246145, -15.518253194469622, -15.520474336906487]

[timing_s]
recon = 27.564007708
attenuation = 0.054129333

[reference]
dose_R80_mm = -5.583925305859627
activity_R50_crossing_mm = -16.45211098410399
activity_R50_fit_mm = -14.323083184884254

[sens]
cache = "/Users/jjgomezcadenas/Projects/CryspBrainSim/out/uniform_headep_sobp_1e8/closed/crysp_ring_1m/sensitivity/grid64x64x96_1.5mm_orgm47.25_m47.25_m119.25_n1000000000"
n_sens = 1000000000
recocrysp_sha = "a6d900e9818aa27bda9bb2ef43ef21f54f1d5bb6"

[grid]
img_origin = [-47.25, -47.25, -119.25]
voxsize = [1.5, 1.5, 1.5]
n = [64, 64, 96]
