niter_plateau_check = 100
out_of_grid_frac = 0.0005844188731791544
n_events = 17434413
shard = 3
window_mm = [-36.45211098410399, -1.4521109841039888]
niter = 50
selection = "all-uncorrected"
roi_mm = 13.0

[final]
z0_err_mm = 0.16799705794621964
stability_spread_mm = 0.20411269021141543
w_mm = 9.200959509277137
r50_fit_mm = -15.615387726668502
r50_crossing_mm = -16.079277592874515

    [final.stability]
    "window_2.0mm" = -15.531228711686225
    "roi_15.0mm" = -15.669400077868318
    "roi_12.0mm" = -15.66131201259455
    "window_-2.0mm" = -15.411275036457086

[r50_vs_iter]
z0_err_mm = [0.170185302895736, 0.16721137435834268, 0.16709353224453194, 0.16753152693746864, 0.16799705794621964, 0.1684015278859408, 0.16873779030453373, 0.16901697972594557, 0.1692517855444724, 0.16945275839942253]
iters = [10, 20, 30, 40, 50, 60, 70, 80, 90, 100]
r50_mm = [-15.663453485985915, -15.644183144869254, -15.62789815254616, -15.61966190245563, -15.615387726668502, -15.613402741207452, -15.612853988186995, -15.613195545345357, -15.614035557616484, -15.615129074656702]

[timing_s]
recon = 28.166645042
attenuation = 0.052120708

[reference]
dose_R80_mm = -5.583925305859627
activity_R50_crossing_mm = -16.45211098410399
activity_R50_fit_mm = -14.323083184884254

[sens]
cache = "/Users/jjgomezcadenas/Projects/CryspBrainSim/out/uniform_headep_sobp_1e8/closed/crysp_ring_1m/sensitivity/grid64x64x96_1.5mm_orgm47.25_m47.25_m119.25_n1000000000"
n_sens = 1000000000
recocrysp_sha = "a6d900e9818aa27bda9bb2ef43ef21f54f1d5bb6"

[grid]
img_origin = [-47.25, -47.25, -119.25]
voxsize = [1.5, 1.5, 1.5]
n = [64, 64, 96]
