niter_plateau_check = 100
out_of_grid_frac = 0.0005866173106384805
n_events = 17428739
shard = 9
window_mm = [-36.45211098410399, -1.4521109841039888]
niter = 50
selection = "all-uncorrected"
roi_mm = 13.0

[final]
z0_err_mm = 0.17244202023530503
stability_spread_mm = 0.3811249788976827
w_mm = 9.450741597352295
r50_fit_mm = -15.459824823968605
r50_crossing_mm = -16.17537583465015

    [final.stability]
    "window_2.0mm" = -15.47185878911739
    "roi_15.0mm" = -15.456943805343405
    "roi_12.0mm" = -15.549019874130222
    "window_-2.0mm" = -15.078699845070922

[r50_vs_iter]
z0_err_mm = [0.17398653244521498, 0.17134175353276443, 0.17138337276444812, 0.17190923604187044, 0.17244202023530503, 0.17291974300278992, 0.17333944423837172, 0.1737069254741854, 0.1740281364999037, 0.1743100002260093]
iters = [10, 20, 30, 40, 50, 60, 70, 80, 90, 100]
r50_mm = [-15.532836634309268, -15.499825329875435, -15.477030523966032, -15.465634674887896, -15.459824823968605, -15.456901277978034, -15.455593086700413, -15.455255508797546, -15.455514419652932, -15.456137868130718]

[timing_s]
recon = 28.099298
attenuation = 0.053230791

[reference]
dose_R80_mm = -5.583925305859627
activity_R50_crossing_mm = -16.45211098410399
activity_R50_fit_mm = -14.323083184884254

[sens]
cache = "/Users/jjgomezcadenas/Projects/CryspBrainSim/out/uniform_headep_sobp_1e8/closed/crysp_ring_1m/sensitivity/grid64x64x96_1.5mm_orgm47.25_m47.25_m119.25_n1000000000"
n_sens = 1000000000
recocrysp_sha = "a6d900e9818aa27bda9bb2ef43ef21f54f1d5bb6"

[grid]
img_origin = [-47.25, -47.25, -119.25]
voxsize = [1.5, 1.5, 1.5]
n = [64, 64, 96]
