niter_plateau_check = 100
out_of_grid_frac = 0.0005873065948383793
n_events = 14137420
shard = 0
window_mm = [-36.45211098410399, -1.4521109841039888]
niter = 50
selection = "trues-only"
roi_mm = 13.0

[final]
z0_err_mm = 0.14680654716778596
stability_spread_mm = 0.31361086150419837
w_mm = 9.144653998211002
r50_fit_mm = -15.59348144403743
r50_crossing_mm = -16.101354061035515

    [final.stability]
    "window_2.0mm" = -15.540984499978636
    "roi_15.0mm" = -15.630271063213002
    "roi_12.0mm" = -15.765190211086775
    "window_-2.0mm" = -15.279870582533231

[r50_vs_iter]
z0_err_mm = [0.15070053515334597, 0.14706573242823434, 0.1465771782233955, 0.14663950621046715, 0.14680654716778596, 0.14698582549020214, 0.14715240548621333, 0.1473014931419972, 0.1474335529983369, 0.14754990992792838]
iters = [10, 20, 30, 40, 50, 60, 70, 80, 90, 100]
r50_mm = [-15.652936724781103, -15.62550858470922, -15.609162389193571, -15.600463628341203, -15.59348144403743, -15.587664328509044, -15.582964980702846, -15.579166248888232, -15.576053681695319, -15.573462327278346]

[timing_s]
recon = 25.143530166
attenuation = 0.05207475

[reference]
dose_R80_mm = -5.583925305859627
activity_R50_crossing_mm = -16.45211098410399
activity_R50_fit_mm = -14.323083184884254

[sens]
cache = "/Users/jjgomezcadenas/Projects/CryspBrainSim/out/uniform_headep_sobp_1e8/closed/crysp_ring_1m/sensitivity/grid64x64x96_1.5mm_orgm47.25_m47.25_m119.25_n1000000000"
n_sens = 1000000000
recocrysp_sha = "a6d900e9818aa27bda9bb2ef43ef21f54f1d5bb6"

[grid]
img_origin = [-47.25, -47.25, -119.25]
voxsize = [1.5, 1.5, 1.5]
n = [64, 64, 96]
