niter_plateau_check = 100
out_of_grid_frac = 0.0005858195534683081
n_events = 17435403
shard = 6
window_mm = [-36.45211098410399, -1.4521109841039888]
niter = 50
selection = "all-uncorrected"
roi_mm = 13.0

[final]
z0_err_mm = 0.16687162262242605
stability_spread_mm = 0.25511536298565396
w_mm = 9.182224066570653
r50_fit_mm = -15.536740004007678
r50_crossing_mm = -15.659815576893939

    [final.stability]
    "window_2.0mm" = -15.422308668188505
    "roi_15.0mm" = -15.645481850700303
    "roi_12.0mm" = -15.672599489690187
    "window_-2.0mm" = -15.281624641022024

[r50_vs_iter]
z0_err_mm = [0.17025004692242582, 0.16646039724239048, 0.16603942327840432, 0.16639892859415997, 0.16687162262242605, 0.1673117935119932, 0.1676902458082955, 0.168010789444146, 0.1682821564702278, 0.16851304130409886]
iters = [10, 20, 30, 40, 50, 60, 70, 80, 90, 100]
r50_mm = [-15.603979168035538, -15.573055221091916, -15.551804462082936, -15.541533496571867, -15.536740004007678, -15.53497610477581, -15.534856996078567, -15.53555422616482, -15.536580451237139, -15.537674865400382]

[timing_s]
recon = 30.949702
attenuation = 0.061675666

[reference]
dose_R80_mm = -5.583925305859627
activity_R50_crossing_mm = -16.45211098410399
activity_R50_fit_mm = -14.323083184884254

[sens]
cache = "/Users/jjgomezcadenas/Projects/CryspBrainSim/out/uniform_headep_sobp_1e8/closed/crysp_ring_1m/sensitivity/grid64x64x96_1.5mm_orgm47.25_m47.25_m119.25_n1000000000"
n_sens = 1000000000
recocrysp_sha = "a6d900e9818aa27bda9bb2ef43ef21f54f1d5bb6"

[grid]
img_origin = [-47.25, -47.25, -119.25]
voxsize = [1.5, 1.5, 1.5]
n = [64, 64, 96]
