niter_plateau_check = 100
out_of_grid_frac = 0.0005883544292339738
n_events = 14141136
shard = 3
window_mm = [-36.45211098410399, -1.4521109841039888]
niter = 50
selection = "trues-only"
roi_mm = 13.0

[final]
z0_err_mm = 0.14660286477065393
stability_spread_mm = 0.24563266828501895
w_mm = 9.101145343189568
r50_fit_mm = -15.628142023194915
r50_crossing_mm = -15.9895724370197

    [final.stability]
    "window_2.0mm" = -15.524902417166532
    "roi_15.0mm" = -15.658618475371897
    "roi_12.0mm" = -15.667267559536514
    "window_-2.0mm" = -15.382509354909896

[r50_vs_iter]
z0_err_mm = [0.14979692163793693, 0.1464371528968773, 0.14619025597798677, 0.1463849610550051, 0.14660286477065393, 0.14679595540018622, 0.14696403943552558, 0.14711239709582016, 0.14724473825183795, 0.1473630560033994]
iters = [10, 20, 30, 40, 50, 60, 70, 80, 90, 100]
r50_mm = [-15.664793771069666, -15.647595857452362, -15.634438526438283, -15.629501368144654, -15.628142023194915, -15.628541089885006, -15.629798859620669, -15.631453637616033, -15.633262113796752, -15.635079078102239]

[timing_s]
recon = 25.038202583
attenuation = 0.048847833

[reference]
dose_R80_mm = -5.583925305859627
activity_R50_crossing_mm = -16.45211098410399
activity_R50_fit_mm = -14.323083184884254

[sens]
cache = "/Users/jjgomezcadenas/Projects/CryspBrainSim/out/uniform_headep_sobp_1e8/closed/crysp_ring_1m/sensitivity/grid64x64x96_1.5mm_orgm47.25_m47.25_m119.25_n1000000000"
n_sens = 1000000000
recocrysp_sha = "a6d900e9818aa27bda9bb2ef43ef21f54f1d5bb6"

[grid]
img_origin = [-47.25, -47.25, -119.25]
voxsize = [1.5, 1.5, 1.5]
n = [64, 64, 96]
