niter_plateau_check = 100
out_of_grid_frac = 0.0005862424476888634
n_events = 14134084
shard = 9
window_mm = [-36.45211098410399, -1.4521109841039888]
niter = 50
selection = "trues-only"
roi_mm = 13.0

[final]
z0_err_mm = 0.1501599601519356
stability_spread_mm = 0.30580852462701813
w_mm = 9.33297317147752
r50_fit_mm = -15.50906061794399
r50_crossing_mm = -16.115743156972165

    [final.stability]
    "window_2.0mm" = -15.49247929184707
    "roi_15.0mm" = -15.47518206539724
    "roi_12.0mm" = -15.609796644119239
    "window_-2.0mm" = -15.203252093316971

[r50_vs_iter]
z0_err_mm = [0.15217990539797446, 0.14907809244534492, 0.1491517815484296, 0.1496562858771973, 0.1501599601519356, 0.1506104170125393, 0.15100487765608564, 0.15134959703090625, 0.15165030862796372, 0.15191304377995435]
iters = [10, 20, 30, 40, 50, 60, 70, 80, 90, 100]
r50_mm = [-15.550272635676883, -15.530460923150626, -15.517004918971383, -15.511627581736265, -15.50906061794399, -15.507681382236575, -15.506960000526414, -15.50669810047294, -15.506718462557238, -15.506905311667985]

[timing_s]
recon = 25.022226333
attenuation = 0.053550834

[reference]
dose_R80_mm = -5.583925305859627
activity_R50_crossing_mm = -16.45211098410399
activity_R50_fit_mm = -14.323083184884254

[sens]
cache = "/Users/jjgomezcadenas/Projects/CryspBrainSim/out/uniform_headep_sobp_1e8/closed/crysp_ring_1m/sensitivity/grid64x64x96_1.5mm_orgm47.25_m47.25_m119.25_n1000000000"
n_sens = 1000000000
recocrysp_sha = "a6d900e9818aa27bda9bb2ef43ef21f54f1d5bb6"

[grid]
img_origin = [-47.25, -47.25, -119.25]
voxsize = [1.5, 1.5, 1.5]
n = [64, 64, 96]
