niter_plateau_check = 100
out_of_grid_frac = 0.0005944218990601867
n_events = 14136424
shard = 5
window_mm = [-36.45211098410399, -1.4521109841039888]
niter = 50
selection = "trues-only"
roi_mm = 13.0

[final]
z0_err_mm = 0.1465504339704905
stability_spread_mm = 0.21819271729939516
w_mm = 9.111320602299262
r50_fit_mm = -15.592941986583813
r50_crossing_mm = -15.657675733364831

    [final.stability]
    "window_2.0mm" = -15.55190119841081
    "roi_15.0mm" = -15.525462909367553
    "roi_12.0mm" = -15.654647529930113
    "window_-2.0mm" = -15.374749269284418

[r50_vs_iter]
z0_err_mm = [0.1498388326003754, 0.1462462377700053, 0.14596182811227076, 0.1462265805045878, 0.1465504339704905, 0.14684924656306778, 0.14711003715907434, 0.1473347724257973, 0.14752939304106089, 0.14769868222531107]
iters = [10, 20, 30, 40, 50, 60, 70, 80, 90, 100]
r50_mm = [-15.615926799636645, -15.598013249373613, -15.590227623787912, -15.590579985760003, -15.592941986583813, -15.595947534696629, -15.599154011071303, -15.602291756069897, -15.605227030773582, -15.607871290692504]

[timing_s]
recon = 26.140544833
attenuation = 0.055279708

[reference]
dose_R80_mm = -5.583925305859627
activity_R50_crossing_mm = -16.45211098410399
activity_R50_fit_mm = -14.323083184884254

[sens]
cache = "/Users/jjgomezcadenas/Projects/CryspBrainSim/out/uniform_headep_sobp_1e8/closed/crysp_ring_1m/sensitivity/grid64x64x96_1.5mm_orgm47.25_m47.25_m119.25_n1000000000"
n_sens = 1000000000
recocrysp_sha = "a6d900e9818aa27bda9bb2ef43ef21f54f1d5bb6"

[grid]
img_origin = [-47.25, -47.25, -119.25]
voxsize = [1.5, 1.5, 1.5]
n = [64, 64, 96]
