niter_plateau_check = 100
out_of_grid_frac = 0.0005877380627330294
n_events = 14140653
shard = 7
window_mm = [-36.45211098410399, -1.4521109841039888]
niter = 50
selection = "trues-only"
roi_mm = 13.0

[final]
z0_err_mm = 0.151010622393533
stability_spread_mm = 0.32826904823767045
w_mm = 9.250972900669188
r50_fit_mm = -15.597768222789506
r50_crossing_mm = -16.397365103282667

    [final.stability]
    "window_2.0mm" = -15.637023287479744
    "roi_15.0mm" = -15.619963612548423
    "roi_12.0mm" = -15.6984328487918
    "window_-2.0mm" = -15.269499174551836

[r50_vs_iter]
z0_err_mm = [0.15334277287145456, 0.1503035448356002, 0.15026497196405006, 0.15063599524421536, 0.151010622393533, 0.15134763784137067, 0.15165129200158645, 0.1519263673407245, 0.15217548653488347, 0.1524012922979636]
iters = [10, 20, 30, 40, 50, 60, 70, 80, 90, 100]
r50_mm = [-15.658489977914158, -15.632412733806566, -15.612651671080057, -15.602632547042166, -15.597768222789506, -15.59614007318859, -15.59656756103885, -15.598232287964613, -15.600569399252926, -15.603208208142167]

[timing_s]
recon = 26.266804417
attenuation = 0.057994167

[reference]
dose_R80_mm = -5.583925305859627
activity_R50_crossing_mm = -16.45211098410399
activity_R50_fit_mm = -14.323083184884254

[sens]
cache = "/Users/jjgomezcadenas/Projects/CryspBrainSim/out/uniform_headep_sobp_1e8/closed/crysp_ring_1m/sensitivity/grid64x64x96_1.5mm_orgm47.25_m47.25_m119.25_n1000000000"
n_sens = 1000000000
recocrysp_sha = "a6d900e9818aa27bda9bb2ef43ef21f54f1d5bb6"

[grid]
img_origin = [-47.25, -47.25, -119.25]
voxsize = [1.5, 1.5, 1.5]
n = [64, 64, 96]
