niter_plateau_check = 100
out_of_grid_frac = 0.0006002517751421723
n_events = 17422689
shard = 8
window_mm = [-36.45211098410399, -1.4521109841039888]
niter = 50
selection = "all-uncorrected"
roi_mm = 13.0

[final]
z0_err_mm = 0.16468682297734874
stability_spread_mm = 0.43531571784604495
w_mm = 9.12931976290987
r50_fit_mm = -15.38752598191088
r50_crossing_mm = -15.63458568279231

    [final.stability]
    "window_2.0mm" = -15.35730449575917
    "roi_15.0mm" = -15.513934687254322
    "roi_12.0mm" = -15.516276801595948
    "window_-2.0mm" = -14.952210264064835

[r50_vs_iter]
z0_err_mm = [0.16860337256416924, 0.16514341601319096, 0.16459045436746755, 0.16460930138115815, 0.16468682297734874, 0.1647562639894424, 0.16481782888929855, 0.164877081159613, 0.16493677287652816, 0.1649959858121421]
iters = [10, 20, 30, 40, 50, 60, 70, 80, 90, 100]
r50_mm = [-15.5183234521694, -15.461937916227676, -15.424371903384541, -15.402135908253417, -15.38752598191088, -15.377175379805767, -15.369571036387669, -15.363896247182156, -15.359607444929967, -15.35631386592161]

[timing_s]
recon = 27.712460583
attenuation = 0.063008667

[reference]
dose_R80_mm = -5.583925305859627
activity_R50_crossing_mm = -16.45211098410399
activity_R50_fit_mm = -14.323083184884254

[sens]
cache = "/Users/jjgomezcadenas/Projects/CryspBrainSim/out/uniform_headep_sobp_1e8/closed/crysp_ring_1m/sensitivity/grid64x64x96_1.5mm_orgm47.25_m47.25_m119.25_n1000000000"
n_sens = 1000000000
recocrysp_sha = "a6d900e9818aa27bda9bb2ef43ef21f54f1d5bb6"

[grid]
img_origin = [-47.25, -47.25, -119.25]
voxsize = [1.5, 1.5, 1.5]
n = [64, 64, 96]
