niter_plateau_check = 100
out_of_grid_frac = 0.0005782861554093685
n_events = 17425629
shard = 4
window_mm = [-36.45211098410399, -1.4521109841039888]
niter = 50
selection = "all-uncorrected"
roi_mm = 13.0

[final]
z0_err_mm = 0.16451913787722755
stability_spread_mm = 0.38325232851435587
w_mm = 9.052823935541047
r50_fit_mm = -15.475723858895513
r50_crossing_mm = -15.956076971489066

    [final.stability]
    "window_2.0mm" = -15.489884374405648
    "roi_15.0mm" = -15.439042764233747
    "roi_12.0mm" = -15.507642647096997
    "window_-2.0mm" = -15.092471530381157

[r50_vs_iter]
z0_err_mm = [0.16731347959575402, 0.16387828028055637, 0.16363147712398146, 0.1640500080416402, 0.16451913787722755, 0.1649218862964925, 0.1652446797196354, 0.16550012646022313, 0.1657022845237781, 0.1658644087769162]
iters = [10, 20, 30, 40, 50, 60, 70, 80, 90, 100]
r50_mm = [-15.518639482479871, -15.499181187924691, -15.484489526924067, -15.478147728626844, -15.475723858895513, -15.475412586539909, -15.476222918640437, -15.47755194612215, -15.47900218186646, -15.48038006475747]

[timing_s]
recon = 28.78641225
attenuation = 0.05458725

[reference]
dose_R80_mm = -5.583925305859627
activity_R50_crossing_mm = -16.45211098410399
activity_R50_fit_mm = -14.323083184884254

[sens]
cache = "/Users/jjgomezcadenas/Projects/CryspBrainSim/out/uniform_headep_sobp_1e8/closed/crysp_ring_1m/sensitivity/grid64x64x96_1.5mm_orgm47.25_m47.25_m119.25_n1000000000"
n_sens = 1000000000
recocrysp_sha = "a6d900e9818aa27bda9bb2ef43ef21f54f1d5bb6"

[grid]
img_origin = [-47.25, -47.25, -119.25]
voxsize = [1.5, 1.5, 1.5]
n = [64, 64, 96]
