niter_plateau_check = 100
out_of_grid_frac = 0.0005881917431541036
n_events = 14141647
shard = 6
window_mm = [-36.45211098410399, -1.4521109841039888]
niter = 50
selection = "trues-only"
roi_mm = 13.0

[final]
z0_err_mm = 0.1464032115605877
stability_spread_mm = 0.19504521449302636
w_mm = 9.085779791594371
r50_fit_mm = -15.584101040255147
r50_crossing_mm = -15.710756578249057

    [final.stability]
    "window_2.0mm" = -15.447769769930622
    "roi_15.0mm" = -15.658660579466273
    "roi_12.0mm" = -15.700381031448345
    "window_-2.0mm" = -15.38905582576212

[r50_vs_iter]
z0_err_mm = [0.14970290804454767, 0.14590406473694523, 0.14565825532213744, 0.14600543999357635, 0.1464032115605877, 0.14675922375124803, 0.14706150460388523, 0.14731475177392972, 0.14752595255042636, 0.14770268498840333]
iters = [10, 20, 30, 40, 50, 60, 70, 80, 90, 100]
r50_mm = [-15.62174384624755, -15.600551551072709, -15.587903813468873, -15.584147141373622, -15.584101040255147, -15.585884717211457, -15.588462179050639, -15.591261124241745, -15.593965401137767, -15.596456211096527]

[timing_s]
recon = 26.270917708
attenuation = 0.050795833

[reference]
dose_R80_mm = -5.583925305859627
activity_R50_crossing_mm = -16.45211098410399
activity_R50_fit_mm = -14.323083184884254

[sens]
cache = "/Users/jjgomezcadenas/Projects/CryspBrainSim/out/uniform_headep_sobp_1e8/closed/crysp_ring_1m/sensitivity/grid64x64x96_1.5mm_orgm47.25_m47.25_m119.25_n1000000000"
n_sens = 1000000000
recocrysp_sha = "a6d900e9818aa27bda9bb2ef43ef21f54f1d5bb6"

[grid]
img_origin = [-47.25, -47.25, -119.25]
voxsize = [1.5, 1.5, 1.5]
n = [64, 64, 96]
