niter_plateau_check = 100
out_of_grid_frac = 0.0005769285039388791
n_events = 14138667
shard = 1
window_mm = [-36.45211098410399, -1.4521109841039888]
niter = 50
selection = "trues-only"
roi_mm = 13.0

[final]
z0_err_mm = 0.14455703453120342
stability_spread_mm = 0.2616713789331335
w_mm = 9.002804658626479
r50_fit_mm = -15.561554188158924
r50_crossing_mm = -15.794245196233216

    [final.stability]
    "window_2.0mm" = -15.440162113415195
    "roi_15.0mm" = -15.549798707444767
    "roi_12.0mm" = -15.637506968318155
    "window_-2.0mm" = -15.29988280922579

[r50_vs_iter]
z0_err_mm = [0.14726722993768068, 0.14426705210694069, 0.14408698634354034, 0.14430756738655828, 0.14455703453120342, 0.1447895561380677, 0.14499867458057136, 0.14518526920406793, 0.14534959969686764, 0.14549381777139156]
iters = [10, 20, 30, 40, 50, 60, 70, 80, 90, 100]
r50_mm = [-15.596788184697802, -15.587817059739809, -15.57589735436169, -15.567859016324645, -15.561554188158924, -15.556894593579669, -15.553641538512261, -15.55147760836619, -15.550066345765844, -15.549170228524465]

[timing_s]
recon = 27.25798175
attenuation = 0.054599542

[reference]
dose_R80_mm = -5.583925305859627
activity_R50_crossing_mm = -16.45211098410399
activity_R50_fit_mm = -14.323083184884254

[sens]
cache = "/Users/jjgomezcadenas/Projects/CryspBrainSim/out/uniform_headep_sobp_1e8/closed/crysp_ring_1m/sensitivity/grid64x64x96_1.5mm_orgm47.25_m47.25_m119.25_n1000000000"
n_sens = 1000000000
recocrysp_sha = "a6d900e9818aa27bda9bb2ef43ef21f54f1d5bb6"

[grid]
img_origin = [-47.25, -47.25, -119.25]
voxsize = [1.5, 1.5, 1.5]
n = [64, 64, 96]
