niter_plateau_check = 100
out_of_grid_frac = 0.0005854634334627836
n_events = 17430636
shard = 0
window_mm = [-36.45211098410399, -1.4521109841039888]
niter = 50
selection = "all-uncorrected"
roi_mm = 13.0

[final]
z0_err_mm = 0.16886899354701274
stability_spread_mm = 0.29290775058833773
w_mm = 9.299135586538098
r50_fit_mm = -15.527811791988741
r50_crossing_mm = -16.10719725453076

    [final.stability]
    "window_2.0mm" = -15.512164690722042
    "roi_15.0mm" = -15.59167127751075
    "roi_12.0mm" = -15.703580903935023
    "window_-2.0mm" = -15.234904041400403

[r50_vs_iter]
z0_err_mm = [0.17214466208249743, 0.16883634777346337, 0.16834621393440374, 0.1685405140399792, 0.16886899354701274, 0.16921280023114432, 0.16953759747466476, 0.16983101244893048, 0.1700905133580463, 0.17031698992231561]
iters = [10, 20, 30, 40, 50, 60, 70, 80, 90, 100]
r50_mm = [-15.621704633152584, -15.579925590485564, -15.552701890821652, -15.53775255452006, -15.527811791988741, -15.520171794604522, -15.513914253883836, -15.508693800491638, -15.50431646151823, -15.500629575665174]

[timing_s]
recon = 29.72291725
attenuation = 0.055900959

[reference]
dose_R80_mm = -5.583925305859627
activity_R50_crossing_mm = -16.45211098410399
activity_R50_fit_mm = -14.323083184884254

[sens]
cache = "/Users/jjgomezcadenas/Projects/CryspBrainSim/out/sensitivity/crysp_ring_1m_grid64x64x96_1.5mm_orgm47.25_m47.25_m119.25_n1000000000"
n_sens = 1000000000
recocrysp_sha = "a6d900e9818aa27bda9bb2ef43ef21f54f1d5bb6"

[grid]
img_origin = [-47.25, -47.25, -119.25]
voxsize = [1.5, 1.5, 1.5]
n = [64, 64, 96]
