niter_plateau_check = 100
out_of_grid_frac = 0.0005774065547949355
n_events = 17431392
shard = 1
window_mm = [-36.45211098410399, -1.4521109841039888]
niter = 50
selection = "all-uncorrected"
roi_mm = 13.0

[final]
z0_err_mm = 0.16453790531853854
stability_spread_mm = 0.3027568718640641
w_mm = 9.036779738889312
r50_fit_mm = -15.571866322239423
r50_crossing_mm = -15.850026973683391

    [final.stability]
    "window_2.0mm" = -15.462848573380946
    "roi_15.0mm" = -15.59362368997105
    "roi_12.0mm" = -15.646994007140236
    "window_-2.0mm" = -15.269109450375359

[r50_vs_iter]
z0_err_mm = [0.1678519235877064, 0.1648844020551347, 0.16438771848077058, 0.16441019963565115, 0.16453790531853854, 0.16470763733479546, 0.1648935005068937, 0.16507803025176862, 0.1652517774072241, 0.16541042550856883]
iters = [10, 20, 30, 40, 50, 60, 70, 80, 90, 100]
r50_mm = [-15.605948062660529, -15.594505882652832, -15.582013994574007, -15.575858669768477, -15.571866322239423, -15.56881915601286, -15.566517098923251, -15.564862268734194, -15.563734843169486, -15.562984711027108]

[timing_s]
recon = 30.41216925
attenuation = 0.054405834

[reference]
dose_R80_mm = -5.583925305859627
activity_R50_crossing_mm = -16.45211098410399
activity_R50_fit_mm = -14.323083184884254

[sens]
cache = "/Users/jjgomezcadenas/Projects/CryspBrainSim/out/uniform_headep_sobp_1e8/closed/crysp_ring_1m/sensitivity/grid64x64x96_1.5mm_orgm47.25_m47.25_m119.25_n1000000000"
n_sens = 1000000000
recocrysp_sha = "a6d900e9818aa27bda9bb2ef43ef21f54f1d5bb6"

[grid]
img_origin = [-47.25, -47.25, -119.25]
voxsize = [1.5, 1.5, 1.5]
n = [64, 64, 96]
