niter_plateau_check = 100
out_of_grid_frac = 0.0005780984797941457
n_events = 14134270
shard = 4
window_mm = [-36.45211098410399, -1.4521109841039888]
niter = 50
selection = "trues-only"
roi_mm = 13.0

[final]
z0_err_mm = 0.14339941496378186
stability_spread_mm = 0.3612635922173233
w_mm = 8.907395953908141
r50_fit_mm = -15.502912726290374
r50_crossing_mm = -15.83380063554162

    [final.stability]
    "window_2.0mm" = -15.475950165625814
    "roi_15.0mm" = -15.445036651397631
    "roi_12.0mm" = -15.522371847089078
    "window_-2.0mm" = -15.14164913407305

[r50_vs_iter]
z0_err_mm = [0.14658105390488255, 0.14296195798872105, 0.14278162554500765, 0.14309219894511124, 0.14339941496378186, 0.1436467362114272, 0.1438400573386327, 0.1439911788398428, 0.14411123143400761, 0.14420805181720714]
iters = [10, 20, 30, 40, 50, 60, 70, 80, 90, 100]
r50_mm = [-15.521935375565763, -15.509058503396151, -15.501831948731505, -15.501540532666679, -15.502912726290374, -15.504478649389696, -15.50589456359443, -15.50706071485184, -15.507960046933073, -15.508608126457249]

[timing_s]
recon = 24.916203041
attenuation = 0.053382916

[reference]
dose_R80_mm = -5.583925305859627
activity_R50_crossing_mm = -16.45211098410399
activity_R50_fit_mm = -14.323083184884254

[sens]
cache = "/Users/jjgomezcadenas/Projects/CryspBrainSim/out/uniform_headep_sobp_1e8/closed/crysp_ring_1m/sensitivity/grid64x64x96_1.5mm_orgm47.25_m47.25_m119.25_n1000000000"
n_sens = 1000000000
recocrysp_sha = "a6d900e9818aa27bda9bb2ef43ef21f54f1d5bb6"

[grid]
img_origin = [-47.25, -47.25, -119.25]
voxsize = [1.5, 1.5, 1.5]
n = [64, 64, 96]
