niter_plateau_check = 100
out_of_grid_frac = 0.0005812967659405105
n_events = 14130476
shard = 2
window_mm = [-36.45211098410399, -1.4521109841039888]
niter = 50
selection = "trues-only"
roi_mm = 13.0

[final]
z0_err_mm = 0.14709883810702504
stability_spread_mm = 0.3224984366711361
w_mm = 9.114631157216698
r50_fit_mm = -15.554983989326054
r50_crossing_mm = -15.974884225947001

    [final.stability]
    "window_2.0mm" = -15.439744103444024
    "roi_15.0mm" = -15.494107797998199
    "roi_12.0mm" = -15.710794681762096
    "window_-2.0mm" = -15.232485552654918

[r50_vs_iter]
z0_err_mm = [0.15022924770503415, 0.14677402254314278, 0.14656255530154627, 0.1468217301340354, 0.14709883810702504, 0.1473346983879569, 0.14752530837281444, 0.14767762326471384, 0.14779887162007155, 0.14789612481574926]
iters = [10, 20, 30, 40, 50, 60, 70, 80, 90, 100]
r50_mm = [-15.573061989414947, -15.559335202623126, -15.552830256368216, -15.553309750388381, -15.554983989326054, -15.556764165980637, -15.55851526586519, -15.560233165096854, -15.561867295219438, -15.563404323773204]

[timing_s]
recon = 26.295731916
attenuation = 0.051208292

[reference]
dose_R80_mm = -5.583925305859627
activity_R50_crossing_mm = -16.45211098410399
activity_R50_fit_mm = -14.323083184884254

[sens]
cache = "/Users/jjgomezcadenas/Projects/CryspBrainSim/out/uniform_headep_sobp_1e8/closed/crysp_ring_1m/sensitivity/grid64x64x96_1.5mm_orgm47.25_m47.25_m119.25_n1000000000"
n_sens = 1000000000
recocrysp_sha = "a6d900e9818aa27bda9bb2ef43ef21f54f1d5bb6"

[grid]
img_origin = [-47.25, -47.25, -119.25]
voxsize = [1.5, 1.5, 1.5]
n = [64, 64, 96]
