niter_plateau_check = 100
out_of_grid_frac = 0.0005850801129548783
n_events = 17433510
shard = 7
window_mm = [-36.45211098410399, -1.4521109841039888]
niter = 50
selection = "all-uncorrected"
roi_mm = 13.0

[final]
z0_err_mm = 0.17277751082458276
stability_spread_mm = 0.30097057110984693
w_mm = 9.365726512532664
r50_fit_mm = -15.558833089289351
r50_crossing_mm = -16.339642080015295

    [final.stability]
    "window_2.0mm" = -15.639429342160936
    "roi_15.0mm" = -15.60685220194113
    "roi_12.0mm" = -15.673373569069879
    "window_-2.0mm" = -15.257862518179504

[r50_vs_iter]
z0_err_mm = [0.1747158352301519, 0.1718859546612613, 0.17178580677974353, 0.17226010908615869, 0.17277751082458276, 0.17324306986834298, 0.17364879497174865, 0.17400228404718313, 0.17431245191473738, 0.1745857321399823]
iters = [10, 20, 30, 40, 50, 60, 70, 80, 90, 100]
r50_mm = [-15.650404080385915, -15.613188267328038, -15.584126308977881, -15.567653677975182, -15.558833089289351, -15.555027474991867, -15.554429216890513, -15.5557001222302, -15.557967987399099, -15.560685742066426]

[timing_s]
recon = 30.815933417
attenuation = 0.0632105

[reference]
dose_R80_mm = -5.583925305859627
activity_R50_crossing_mm = -16.45211098410399
activity_R50_fit_mm = -14.323083184884254

[sens]
cache = "/Users/jjgomezcadenas/Projects/CryspBrainSim/out/uniform_headep_sobp_1e8/closed/crysp_ring_1m/sensitivity/grid64x64x96_1.5mm_orgm47.25_m47.25_m119.25_n1000000000"
n_sens = 1000000000
recocrysp_sha = "a6d900e9818aa27bda9bb2ef43ef21f54f1d5bb6"

[grid]
img_origin = [-47.25, -47.25, -119.25]
voxsize = [1.5, 1.5, 1.5]
n = [64, 64, 96]
