niter_plateau_check = 100
out_of_grid_frac = 0.0006035190083718447
n_events = 14130458
shard = 8
window_mm = [-36.45211098410399, -1.4521109841039888]
niter = 50
selection = "trues-only"
roi_mm = 13.0

[final]
z0_err_mm = 0.14430398888508028
stability_spread_mm = 0.38345471526058894
w_mm = 9.04746363977235
r50_fit_mm = -15.403933954047355
r50_crossing_mm = -15.648983361620973

    [final.stability]
    "window_2.0mm" = -15.334285449623916
    "roi_15.0mm" = -15.500520697279773
    "roi_12.0mm" = -15.54267712215147
    "window_-2.0mm" = -15.020479238786766

[r50_vs_iter]
z0_err_mm = [0.14814032351091347, 0.1446118529013613, 0.14422568999582058, 0.1442579301556066, 0.14430398888508028, 0.14433036733310375, 0.14434512405880617, 0.14435645579177178, 0.14436838190423712, 0.1443819000421558]
iters = [10, 20, 30, 40, 50, 60, 70, 80, 90, 100]
r50_mm = [-15.509671391858626, -15.463643926687881, -15.433906081247605, -15.416189612161661, -15.403933954047355, -15.395143883802717, -15.388862000170649, -15.38438110515608, -15.381157728157692, -15.378790476806058]

[timing_s]
recon = 26.412045375
attenuation = 0.062352875

[reference]
dose_R80_mm = -5.583925305859627
activity_R50_crossing_mm = -16.45211098410399
activity_R50_fit_mm = -14.323083184884254

[sens]
cache = "/Users/jjgomezcadenas/Projects/CryspBrainSim/out/uniform_headep_sobp_1e8/closed/crysp_ring_1m/sensitivity/grid64x64x96_1.5mm_orgm47.25_m47.25_m119.25_n1000000000"
n_sens = 1000000000
recocrysp_sha = "a6d900e9818aa27bda9bb2ef43ef21f54f1d5bb6"

[grid]
img_origin = [-47.25, -47.25, -119.25]
voxsize = [1.5, 1.5, 1.5]
n = [64, 64, 96]
