n_shards = 10
selection = "all-events (working protocol)"
seed_base = 2000000

[[point]]
nominal_sigma_R_mm = 0.05721283127510068
delta_R50_washout_mm = 0.3030703496070313
nominal_R50_mean_mm = -15.204894752102115
g_O15 = 0.41967534069799206
washed_sigma_R_mm = 0.1313227196301545
washed_R50_per_shard_mm = [-14.702551629547003, -15.096463252594127, -14.84080770365775, -14.804983646176488, -14.980701072360429, -14.707833748323115, -14.970664870852278, -14.949480027339115, -14.964024872983007, -15.00073320111753]
t_start_s = 60.0
kept_fraction = 0.309507437927195
washed_R50_mean_mm = -14.901824402495084
[[point]]
nominal_sigma_R_mm = 0.09121398002379318
delta_R50_washout_mm = 0.19677561148832368
nominal_R50_mean_mm = -15.74700555537171
g_O15 = 0.3984754460426082
washed_sigma_R_mm = 0.209540348439926
washed_R50_per_shard_mm = [-15.867696524603124, -15.41772041957216, -15.464464922091297, -15.449565730056353, -15.544311582804154, -15.331545583635133, -15.237595616674252, -15.748027126196583, -15.62985822814223, -15.811513705058553]
t_start_s = 120.0
kept_fraction = 0.2317949530503316
washed_R50_mean_mm = -15.550229943883386
[[point]]
nominal_sigma_R_mm = 0.11203326220609347
delta_R50_washout_mm = 0.0597777412385625
nominal_R50_mean_mm = -16.38878519328122
g_O15 = 0.3823803479635886
washed_sigma_R_mm = 0.16878877044017612
washed_R50_per_shard_mm = [-16.359477018354006, -16.655357421798104, -16.335996312141845, -16.31728472435017, -16.029894236184816, -16.233950556292623, -16.39360184625668, -16.23331202462127, -16.23468945611893, -16.496510924308094]
t_start_s = 180.0
kept_fraction = 0.1785020280780291
washed_R50_mean_mm = -16.329007452042656
[[point]]
nominal_sigma_R_mm = 0.23261316172433397
delta_R50_washout_mm = -0.0013781571934181613
nominal_R50_mean_mm = -17.777984889213577
g_O15 = 0.36060859361975917
washed_sigma_R_mm = 0.3060090469481257
washed_R50_per_shard_mm = [-17.49347884004593, -18.27969128144324, -17.37707123588111, -17.67410119751332, -18.177019726730983, -17.447749685667524, -17.846684746144327, -17.683785794243857, -17.798772313938304, -18.01527564246136]
t_start_s = 300.0
kept_fraction = 0.11365714455104312
washed_R50_mean_mm = -17.779363046406996
