n_shards = 10
selection = "all-events (working protocol)"
sigma_R_inflation = 2.0781795391919484
seed_base = 2000000
delta_R50_truth_mm = 0.21823590891089317
kept_fraction = 0.4273460313411048
delta_R50_detected_mm = 0.20915346259152479
counting_expectation = 1.5297137219219343

[nominal]
R50_per_shard_mm = [-14.572411945866632, -14.902582811916663, -14.805410442170453, -14.771160305793693, -14.747267742090798, -14.769200631772277, -14.762510301269943, -14.619382619578401, -14.954231235765889, -14.815131854358608]
R50_mean_mm = -14.771928989058338
sigma_R_mm = 0.1140537859517404

[washed]
R50_per_shard_mm = [-14.534208731424293, -14.67762786586268, -14.716384743239871, -14.661752160111613, -14.574390058528156, -14.600201808324643, -14.52441718461855, -13.955856027306867, -14.527524902847828, -14.85539178240363]
R50_mean_mm = -14.562775526466814
sigma_R_mm = 0.237024244332285
