crystal = "csi"
realizations = 100
dose_Gy = 1.0
washed = false
scanner = "crysp_ring_1m_csi_2x0"

[[point]]
mean_R50_mm = -13.030523069561292
n_fail = 0
mean_events = 2.08689623e6
t_start_s = 120.0
isotope = "O15"
sigma_R_mm = 0.15937736856554585
[[point]]
mean_R50_mm = -20.98491205989818
n_fail = 0
mean_events = 1.26992911e6
t_start_s = 120.0
isotope = "C11"
sigma_R_mm = 0.2590161046634732
