crystal = "csi"
realizations = 100
dose_Gy = 1.0
washed = false
scanner = "crysp_ring_1m_csi_2x0"

[[point]]
mean_R50_mm = -13.032585827614378
n_fail = 0
mean_events = 749373.55
t_start_s = 300.0
isotope = "O15"
sigma_R_mm = 0.25258733278919443
[[point]]
mean_R50_mm = -21.020010057163475
n_fail = 0
mean_events = 1.00104568e6
t_start_s = 300.0
isotope = "C11"
sigma_R_mm = 0.25914737656875153
