method = "thinned realizations of the pooled master"
seed_base = 2000000
realizations = 30
dose_Gy = 1.0
sigma_band = 0.13130643285972254

[[point]]
inflation = 1.4807615397766745
min_washed_events = 2588085
nominal_sigma_R_mm = 0.10457621256531457
n_fail_nominal = 0
washout_survival = 0.42740382232901103
t_start_s = 0.0
washed_R50_mm = [-14.614714946054923, -14.5409973528822, -14.531858866333403, -14.415256847201903, -14.724433039940468, -14.436337729268397, -14.517685912479601, -14.54777255290032, -14.720618552014344, -14.642021823924864, -14.716983038680892, -14.38226954635232, -14.562280801965322, -14.58556860507421, -14.524409710139325, -14.47524449262763, -14.200244026003963, -14.854875126433367, -14.582855239623756, -14.360993147137345, -14.540916433151367, -14.581246051613924, -14.774682334782035, -14.37396582558243, -14.331552256633376, -14.34573334546277, -14.640999530842656, -14.791390821133433, -14.726877283098117, -14.628110171768132]
nominal_R50_mm = [-14.907994875714065, -14.851920051743981, -14.826955669730353, -14.847256783281525, -14.725873852751969, -14.504277965102306, -14.706289963067897, -14.902844237881947, -14.643484830867193, -14.823102810278929, -14.871968390321095, -14.765922850380026, -14.767164370895975, -14.792413206342511, -14.921156648045326, -14.747585654299185, -14.886981058594442, -14.75512367854197, -14.854926406278999, -14.934729549042832, -14.835111244325477, -14.791265409483575, -14.846433941892771, -14.843143735777815, -14.762313452962248, -14.71893488877878, -15.001656793944234, -14.913988624244073, -14.751815961705233, -14.6052355177254]
n_fail_washed = 0
delta_R50_washout_mm = 0.24783256709651091
washed_sigma_R_mm = 0.15485243354222802
