crystal = "csi"
realizations = 100
dose_Gy = 1.0
washed = false
scanner = "crysp_ring_1m_csi_2x0"

[[point]]
mean_R50_mm = -12.952327196932071
n_fail = 0
mean_events = 1.48411006e6
t_start_s = 180.0
isotope = "O15"
sigma_R_mm = 0.20541384729165038
[[point]]
mean_R50_mm = -21.06581964078538
n_fail = 0
mean_events = 1.17725128e6
t_start_s = 180.0
isotope = "C11"
sigma_R_mm = 0.24700786995662685
