method = "thinned realizations of the pooled master"
seed_base = 2000000
realizations = 30
dose_Gy = 0.2
sigma_band = 0.13130643285972254

[[point]]
inflation = 1.6831537840248083
min_washed_events = 516438
nominal_sigma_R_mm = 0.2501637028291852
n_fail_nominal = 0
washout_survival = 0.42740382232901103
t_start_s = 0.0
washed_R50_mm = [-15.001543939563133, -14.638521481784595, -14.488155314702771, -14.379875386727866, -14.678455547001402, -14.754349457890592, -14.726257288845694, -15.631051774759651, -13.779549791216859, -14.713209627668807, -15.260664711325092, -14.578035108361851, -15.057861698661565, -14.278729152232197, -14.632469629338713, -14.228572867688877, -14.32602553100496, -14.607806928601649, -14.655018170432225, -14.750182362263073, -14.557473958339125, -15.207488793675974, -14.102079653120992, -13.794792213525648, -14.260947108566015, -14.190255687542518, -14.840727068467043, -14.981711881086989, -15.144347490219848, -14.963634454809698]
nominal_R50_mm = [-14.84090407711958, -14.981719300761668, -15.062018326793542, -14.813374441024918, -14.73128763859662, -14.712007967957275, -14.633243931737788, -14.593531344450152, -14.717233562932861, -15.044184701212977, -14.952835276806827, -14.776090662281284, -14.318168443984735, -15.060868881607993, -15.00569916102872, -14.601106398795665, -14.202951921831497, -15.066752603296301, -14.994015112590617, -14.915779567426375, -14.560109482904524, -15.08834149688437, -14.670842986960718, -14.659618410841626, -14.259316434254828, -14.6667750384311, -14.772455029129478, -15.134120728801324, -14.941612711107704, -15.042400155835056]
n_fail_washed = 0
delta_R50_washout_mm = 0.15365239059875968
washed_sigma_R_mm = 0.42106398304260073
[[point]]
inflation = 1.7387487259678975
min_washed_events = 373656
nominal_sigma_R_mm = 0.27934116322218855
n_fail_nominal = 0
washout_survival = 0.4010018746635725
t_start_s = 60.0
washed_R50_mm = [-15.395093391795655, -15.021549467652198, -15.112511315339335, -15.012647699276593, -15.720805674871249, -14.734273301713275, -14.493063890068152, -15.295020264117197, -15.06042013640911, -14.370121102975926, -15.419345498209454, -14.80682759916069, -15.099784500001045, -15.424694715065748, -14.976706584047378, -15.46584021331502, -14.528583017366609, -15.502552085909716, -15.28503639061251, -15.219030899331885, -15.432416847637844, -15.334609028509226, -14.34555394303536, -13.398520690151242, -15.51633910620159, -15.067719691778958, -15.784508994903335, -15.214791040525137, -14.922679020444956, -15.188774866304925]
nominal_R50_mm = [-14.903242736711455, -14.96864113033501, -15.310408218067517, -15.680718640226399, -15.363821611779123, -15.463057550619128, -15.153262677633062, -15.756934776354752, -14.946086887856127, -15.08108030637276, -15.15602713737344, -15.364844169041437, -15.770690569323431, -15.489996747087705, -15.19094735082423, -14.943065011769717, -14.732599300625704, -15.210640248950183, -15.091513348139861, -14.879204440156752, -15.48270238655868, -15.479299530826298, -14.857083349515255, -15.222021109920709, -15.196983681591162, -15.729852195123453, -15.378515913552729, -15.19813957530344, -15.37616370510594, -15.394356867530712]
n_fail_washed = 0
delta_R50_washout_mm = 0.18740267325149773
washed_sigma_R_mm = 0.48570409166297085
