method = "thinned realizations of the pooled master"
seed_base = 2000000
realizations = 30
dose_Gy = 0.3
sigma_band = 0.13130643285972254

[[point]]
inflation = 1.57203264858506
min_washed_events = 419908
nominal_sigma_R_mm = 0.2174063183915243
n_fail_nominal = 0
washout_survival = 0.3817942119405236
t_start_s = 120.0
washed_R50_mm = [-15.48122989122681, -15.500376909553848, -15.475565725522884, -15.296546840034535, -15.94090026968122, -15.986154723013689, -15.674257001514562, -15.515510138188258, -15.269730138680055, -14.85308025029503, -15.925867522663454, -16.25600155314602, -15.58283948202767, -15.426336803026498, -15.486774353560497, -15.70403391901817, -15.882539597888783, -15.419946876595338, -15.279755280611157, -16.09615489323418, -15.689590761188157, -14.952772315141635, -15.308006673659953, -15.564339808878866, -15.040695101991892, -15.954284018994278, -15.854238182216637, -15.1796606767979, -15.45552316241023, -15.887548978161664]
nominal_R50_mm = [-16.0183363012448, -15.764537832204654, -15.950350088129456, -15.72306664933757, -15.43130668840071, -15.89699227148856, -15.547494860469241, -15.57483287975546, -15.297339368998935, -15.83777248710786, -15.663278409304576, -15.692853452399227, -15.570604476872711, -15.365156504829152, -15.722717874361788, -15.581749048459956, -15.592732493752028, -15.845597814549722, -15.779136944830976, -15.902492577165933, -16.167901041065402, -15.588550332896238, -15.779832070086137, -15.433819662148684, -15.703162099456447, -16.00278584439322, -15.675875662073775, -15.526674693683677, -15.285562838315112, -15.46304290070297]
n_fail_washed = 0
delta_R50_washout_mm = 0.11484314398537165
washed_sigma_R_mm = 0.3417698305201548
