method = "thinned realizations of the pooled master"
seed_base = 2000000
realizations = 30
dose_Gy = 0.5
sigma_band = 0.13130643285972254

[[point]]
inflation = 1.8740946603907611
min_washed_events = 343195
nominal_sigma_R_mm = 0.29546924082604437
n_fail_nominal = 0
washout_survival = 0.34981119830349716
t_start_s = 300.0
washed_R50_mm = [-18.202082092531086, -17.950601679534962, -17.267250989847692, -18.81805033916946, -17.111671714340588, -17.211057674859013, -17.568707645523798, -17.28297432564236, -17.909322937411396, -18.062876816715153, -17.009649688355136, -18.42061749539787, -18.0290937658028, -17.796619375067152, -17.58531397536697, -17.482427014592123, -18.205627341068027, -17.8461950326033, -17.67998332509516, -17.222064012004846, -17.15832751088221, -18.556853826832313, -16.880865521038466, -17.04242753272818, -18.167847637323703, -19.012022636868117, -17.48036463371553, -17.2254602632641, -17.835493872660695, -18.135702524238315]
nominal_R50_mm = [-17.711528994990918, -17.565487407559427, -17.62265920447744, -17.812028313245744, -17.56899024913606, -17.730757643900148, -17.527382099986553, -17.376951405877175, -17.62955902637146, -17.960080401650316, -18.04313398485333, -17.375980669381207, -18.048355135049725, -18.08862717450565, -17.984107439539123, -17.715102306140476, -17.523028701111947, -18.541914483834226, -17.7785595661405, -17.529686682283923, -17.840334213520734, -18.124684887795663, -18.159940605430677, -17.637440840410584, -17.661032748576353, -17.631583756208588, -17.539154144165895, -17.68525985709315, -17.065135654903443, -17.39453040692067]
n_fail_washed = 0
delta_R50_washout_mm = -0.00948450651397792
washed_sigma_R_mm = 0.5537373265418016
