method = "thinned realizations of the pooled master"
seed_base = 2000000
realizations = 30
dose_Gy = 0.3
sigma_band = 0.13130643285972254

[[point]]
inflation = 1.5352436131472929
min_washed_events = 323034
nominal_sigma_R_mm = 0.2886030402372258
n_fail_nominal = 0
washout_survival = 0.3677407321959282
t_start_s = 180.0
washed_R50_mm = [-16.80891845247065, -16.549155768823617, -16.345460407812308, -16.19043703653339, -15.597592688150566, -16.614221654270693, -16.71057628548946, -16.711918081068536, -15.515543710019111, -17.1683376854532, -16.83921815392713, -16.611821630104753, -16.23655575023282, -15.983606849763815, -16.544083871216408, -15.74740054930288, -16.823279650191292, -16.427392054365512, -16.220038206066636, -16.58425998221549, -16.185521075260905, -16.020452650422662, -16.36668615837498, -16.7820107589669, -16.646441615111566, -16.490795057581696, -15.72267095594378, -16.294308839163886, -17.408557416638672, -15.978979249653577]
nominal_R50_mm = [-16.72740522579932, -16.196216973922173, -15.836317436814078, -16.21412021565184, -16.36992241098487, -16.105412157670695, -16.592373941789802, -16.315916492158262, -16.56344454293397, -16.163484280232154, -16.44105854014487, -16.58127377819386, -16.458579325036254, -16.553204511187136, -16.19323442482717, -16.277988751417716, -16.086176883043496, -15.961934936267328, -16.864168351781075, -15.90515099370506, -16.06913859827359, -16.361838512132408, -16.182889244543645, -16.287213222196158, -16.151547936317108, -17.03917810883098, -16.84348407523661, -16.511232781322633, -16.33629111920908, -16.566170316547048]
n_fail_washed = 0
delta_R50_washout_mm = -0.04566247188088113
washed_sigma_R_mm = 0.4430759742590921
