n_shards = 10
method = "ten independent shards, no thinning"
window_mm = [-36.45211098410399, -1.4521109841039888]
niter = 50
timing_s = 136.982434958
dose_Gy = 1.0
fit_error_over_spread = 2.240210866460585

[reference]
dose_R80_mm = -5.583925305859627
activity_R50_crossing_mm = -16.45211098410399
activity_R50_fit_mm = -14.323083184884254

[sens]
recocrysp_sha = "a6d900e9818aa27bda9bb2ef43ef21f54f1d5bb6"

[sigma_R_fit]
sigma_mm = 0.06548012733370003
offset_mm = -9.968962764574055
sem_mm = 0.020706634385234044
mean_mm = -15.552888070433681

[per_shard]
z0_err_mm = [0.14680654360543097, 0.14455703398251302, 0.14709883505362983, 0.14660286955279114, 0.14339942857710078, 0.14655044162208042, 0.14640320558869296, 0.15101060851039766, 0.14430399828522875, 0.1501599631239102]
shard = [0, 1, 2, 3, 4, 5, 6, 7, 8, 9]
w_mm = [9.144653853072592, 9.002804669573745, 9.114631120972765, 9.101145578846742, 8.907396621199883, 9.111321008248213, 9.085779502111516, 9.250972207554174, 9.047464062923545, 9.33297331546471]
r50_fit_mm = [-15.593481279145712, -15.561554315496446, -15.55498403363572, -15.628142096372782, -15.502913118926958, -15.592942221588242, -15.584100948282156, -15.597767792405376, -15.403934239181234, -15.509060659302175]
r50_crossing_mm = [-16.10135430060015, -15.794246499304249, -15.974884311952112, -15.98957176903593, -15.833801516538527, -15.657676314401082, -15.71075658907043, -16.397362755548613, -15.648983791171768, -16.115743480411474]
n_events = [14137420, 14138667, 14130476, 14141136, 14134270, 14136424, 14141647, 14140653, 14130458, 14134084]

[sigma_R_crossing]
sigma_mm = 0.23948175404027686
offset_mm = -10.33851282694381
sem_mm = 0.0757307800819506
mean_mm = -15.922438132803435
