profile = "whole-plane"
n_shards = 1
doses_Gy = [0.2, 0.1, 0.05]
M_total = 10142747
selection = "all-uncorrected"
seed_base = 1000000
realizations = 50

[[point]]
offset_mm = -9.321433321581086
mean_fit_mm = -14.905358627440714
target_counts = 2028549
sigma_fit_mm = 0.1941154331124871
n_fail = 0
n_ok = 50
dose_Gy = 0.2
sigma_crossing_mm = 0.18986206908372708
[[point]]
offset_mm = -9.372790931156505
mean_fit_mm = -14.956716237016131
target_counts = 1014275
sigma_fit_mm = 0.3027762911361878
n_fail = 0
n_ok = 50
dose_Gy = 0.1
sigma_crossing_mm = 0.3519686536245651
[[point]]
offset_mm = -9.326498179155795
mean_fit_mm = -14.910423485015421
target_counts = 507137
sigma_fit_mm = 0.43303249397211735
n_fail = 0
n_ok = 50
dose_Gy = 0.05
sigma_crossing_mm = 0.5314869309957565
