niter_plateau_check = 100
out_of_grid_frac = 0.0006143108340866062
n_events = 3335445
shard = 1
window_mm = [-36.45211098410399, -1.4521109841039888]
niter = 50
selection = "trues-only"
profile = "whole-plane"

[final]
z0_err_mm = 0.17445488558713593
stability_spread_mm = 0.34103481667995084
w_mm = 10.174689570457744
r50_fit_mm = -14.819503417958524
r50_crossing_mm = -15.547275050044817

    [final.stability]
    "window_2.0mm" = -14.75798103834277
    "window_-2.0mm" = -14.478468601278573

[r50_vs_iter]
z0_err_mm = [0.1741628481738499, 0.17449413359528146, 0.1744621721734145, 0.1744568139814546, 0.17445488558713593, 0.17444393079591194, 0.17442431933024433, 0.17440098054694692, 0.17437838436029565, 0.17435895399673587]
iters = [10, 20, 30, 40, 50, 60, 70, 80, 90, 100]
r50_mm = [-14.80327947697304, -14.796893625407817, -14.806028735814364, -14.814068052559803, -14.819503417958524, -14.823011135770642, -14.825284162919372, -14.826765251180598, -14.827730987621575, -14.828361821706714]

[timing_s]
recon = 7.699781125
attenuation = 0.035571042

[reference]
dose_R80_mm = -5.583925305859627
activity_R50_crossing_mm = -16.45211098410399
activity_R50_fit_mm = -14.323083184884254

[sens]
cache = "/Users/jjgomezcadenas/Projects/CryspBrainSim/out/uniform_headep_sobp_1e8/closed/crysp_r35_50cm_csi_2x0/sensitivity/grid64x64x96_1.5mm_orgm47.25_m47.25_m119.25_n1000000000"
n_sens = 1000000000
recocrysp_sha = "a6d900e9818aa27bda9bb2ef43ef21f54f1d5bb6"

[grid]
img_origin = [-47.25, -47.25, -119.25]
voxsize = [1.5, 1.5, 1.5]
n = [64, 64, 96]
