niter_plateau_check = 100
out_of_grid_frac = 0.0006079520863798372
n_events = 3830894
shard = 5
window_mm = [-36.45211098410399, -1.4521109841039888]
niter = 50
selection = "all-uncorrected"
profile = "whole-plane"

[final]
z0_err_mm = 0.22251404061916208
stability_spread_mm = 0.24185129718361864
w_mm = 10.379202023915266
r50_fit_mm = -14.73377677741869
r50_crossing_mm = -16.14735789727111

    [final.stability]
    "window_2.0mm" = -14.755422403317322
    "window_-2.0mm" = -14.491925480235071

[r50_vs_iter]
z0_err_mm = [0.21887896500111212, 0.22003220844821428, 0.22118578845788026, 0.22194987654296866, 0.22251404061916208, 0.22291707314722967, 0.2231901848304099, 0.2233687141869218, 0.22348293521606008, 0.22355565403339808]
iters = [10, 20, 30, 40, 50, 60, 70, 80, 90, 100]
r50_mm = [-14.747755802923809, -14.740904110583037, -14.739330410550362, -14.736731274380647, -14.73377677741869, -14.731110010152895, -14.729077710366184, -14.727703542875895, -14.726867490814186, -14.726412280491187]

[timing_s]
recon = 8.39197875
attenuation = 0.037394666

[reference]
dose_R80_mm = -5.583925305859627
activity_R50_crossing_mm = -16.45211098410399
activity_R50_fit_mm = -14.323083184884254

[sens]
cache = "/Users/jjgomezcadenas/Projects/CryspBrainSim/out/uniform_headep_sobp_1e8/closed/crysp_r35_50cm_csi_2x0/sensitivity/grid64x64x96_1.5mm_orgm47.25_m47.25_m119.25_n1000000000"
n_sens = 1000000000
recocrysp_sha = "a6d900e9818aa27bda9bb2ef43ef21f54f1d5bb6"

[grid]
img_origin = [-47.25, -47.25, -119.25]
voxsize = [1.5, 1.5, 1.5]
n = [64, 64, 96]
