niter_plateau_check = 100
out_of_grid_frac = 0.0006139895026084103
n_events = 3827427
shard = 2
window_mm = [-36.45211098410399, -1.4521109841039888]
niter = 50
selection = "all-uncorrected"
profile = "whole-plane"

[final]
z0_err_mm = 0.21591938073217604
stability_spread_mm = 0.18655192862273928
w_mm = 10.271498927959325
r50_fit_mm = -14.772495710727886
r50_crossing_mm = -16.243826876780858

    [final.stability]
    "window_2.0mm" = -14.775435585954886
    "window_-2.0mm" = -14.959047639350626

[r50_vs_iter]
z0_err_mm = [0.2117400621434319, 0.21376827289654635, 0.21535344723724412, 0.21588100494931106, 0.21591938073217604, 0.2157980340231387, 0.21564428433157876, 0.21549746127832348, 0.21536587804889293, 0.21524867734507602]
iters = [10, 20, 30, 40, 50, 60, 70, 80, 90, 100]
r50_mm = [-14.823799361264784, -14.791081917224929, -14.774228913497053, -14.770567768122694, -14.772495710727886, -14.775712972333217, -14.778694800884066, -14.781136096303685, -14.783104106149693, -14.784720991972245]

[timing_s]
recon = 8.229404167
attenuation = 0.03724825

[reference]
dose_R80_mm = -5.583925305859627
activity_R50_crossing_mm = -16.45211098410399
activity_R50_fit_mm = -14.323083184884254

[sens]
cache = "/Users/jjgomezcadenas/Projects/CryspBrainSim/out/uniform_headep_sobp_1e8/closed/crysp_r35_50cm_csi_2x0/sensitivity/grid64x64x96_1.5mm_orgm47.25_m47.25_m119.25_n1000000000"
n_sens = 1000000000
recocrysp_sha = "a6d900e9818aa27bda9bb2ef43ef21f54f1d5bb6"

[grid]
img_origin = [-47.25, -47.25, -119.25]
voxsize = [1.5, 1.5, 1.5]
n = [64, 64, 96]
