niter_plateau_check = 100
out_of_grid_frac = 0.0006212690235891592
n_events = 3829259
shard = 0
window_mm = [-36.45211098410399, -1.4521109841039888]
niter = 50
selection = "all-uncorrected"
profile = "whole-plane"

[final]
z0_err_mm = 0.23805225314538753
stability_spread_mm = 0.2743222587420924
w_mm = 10.653574245524084
r50_fit_mm = -14.399880879035628
r50_crossing_mm = -15.972127062882025

    [final.stability]
    "window_2.0mm" = -14.67420313777772
    "window_-2.0mm" = -14.25196435395132

[r50_vs_iter]
z0_err_mm = [0.2305734281924935, 0.23609900648224294, 0.2378112517936343, 0.23809020704946457, 0.23805225314538753, 0.2379650156681652, 0.23786996404775193, 0.23777633706499035, 0.23768912435069126, 0.2376111146543711]
iters = [10, 20, 30, 40, 50, 60, 70, 80, 90, 100]
r50_mm = [-14.542516230716538, -14.447249199476795, -14.415548182038966, -14.404514092143158, -14.399880879035628, -14.397989592933135, -14.39754040057342, -14.397821479405696, -14.39842015339254, -14.399113881883828]

[timing_s]
recon = 8.692716083
attenuation = 0.036718167

[reference]
dose_R80_mm = -5.583925305859627
activity_R50_crossing_mm = -16.45211098410399
activity_R50_fit_mm = -14.323083184884254

[sens]
cache = "/Users/jjgomezcadenas/Projects/CryspBrainSim/out/uniform_headep_sobp_1e8/closed/crysp_r35_50cm_csi_2x0/sensitivity/grid64x64x96_1.5mm_orgm47.25_m47.25_m119.25_n1000000000"
n_sens = 1000000000
recocrysp_sha = "a6d900e9818aa27bda9bb2ef43ef21f54f1d5bb6"

[grid]
img_origin = [-47.25, -47.25, -119.25]
voxsize = [1.5, 1.5, 1.5]
n = [64, 64, 96]
