niter_plateau_check = 100
out_of_grid_frac = 0.0006161583882132033
n_events = 3830184
shard = 1
window_mm = [-36.45211098410399, -1.4521109841039888]
niter = 50
selection = "all-uncorrected"
profile = "whole-plane"

[final]
z0_err_mm = 0.22933232789581912
stability_spread_mm = 0.45300607196547205
w_mm = 10.488054000768356
r50_fit_mm = -14.679956652908734
r50_crossing_mm = -15.644893348476149

    [final.stability]
    "window_2.0mm" = -14.673975603546472
    "window_-2.0mm" = -14.226950580943262

[r50_vs_iter]
z0_err_mm = [0.23273619355490913, 0.2321325081789159, 0.23085381188142887, 0.22995696851901595, 0.22933232789581912, 0.22886522792846584, 0.22851614331496883, 0.22826152493621815, 0.22807932787681046, 0.22794933118038666]
iters = [10, 20, 30, 40, 50, 60, 70, 80, 90, 100]
r50_mm = [-14.63998304917834, -14.638679711670916, -14.654613178576108, -14.668258208740065, -14.679956652908734, -14.689508690997158, -14.696771220341468, -14.702032669769856, -14.705761271282173, -14.708403069303412]

[timing_s]
recon = 9.03325975
attenuation = 0.038385541

[reference]
dose_R80_mm = -5.583925305859627
activity_R50_crossing_mm = -16.45211098410399
activity_R50_fit_mm = -14.323083184884254

[sens]
cache = "/Users/jjgomezcadenas/Projects/CryspBrainSim/out/uniform_headep_sobp_1e8/closed/crysp_r35_50cm_csi_2x0/sensitivity/grid64x64x96_1.5mm_orgm47.25_m47.25_m119.25_n1000000000"
n_sens = 1000000000
recocrysp_sha = "a6d900e9818aa27bda9bb2ef43ef21f54f1d5bb6"

[grid]
img_origin = [-47.25, -47.25, -119.25]
voxsize = [1.5, 1.5, 1.5]
n = [64, 64, 96]
