niter_plateau_check = 100
out_of_grid_frac = 0.0006133119263689956
n_events = 3335986
shard = 5
window_mm = [-36.45211098410399, -1.4521109841039888]
niter = 50
selection = "trues-only"
profile = "whole-plane"

[final]
z0_err_mm = 0.17981798362247642
stability_spread_mm = 0.2447098573297115
w_mm = 10.357891146694394
r50_fit_mm = -14.706632211195048
r50_crossing_mm = -16.248956153367665

    [final.stability]
    "window_2.0mm" = -14.733929731822332
    "window_-2.0mm" = -14.461922353865337

[r50_vs_iter]
z0_err_mm = [0.1766397986390015, 0.1784504928415141, 0.1792098618240472, 0.17959176653453404, 0.17981798362247642, 0.17996376982282916, 0.18006316712272197, 0.1801338016783006, 0.18018522642624035, 0.1802237746643001]
iters = [10, 20, 30, 40, 50, 60, 70, 80, 90, 100]
r50_mm = [-14.744841282801579, -14.716050511229824, -14.709784177391828, -14.707611823730133, -14.706632211195048, -14.706220180160498, -14.706090859964256, -14.706101459348172, -14.70618364116221, -14.706305587834034]

[timing_s]
recon = 8.25744475
attenuation = 0.036928125

[reference]
dose_R80_mm = -5.583925305859627
activity_R50_crossing_mm = -16.45211098410399
activity_R50_fit_mm = -14.323083184884254

[sens]
cache = "/Users/jjgomezcadenas/Projects/CryspBrainSim/out/uniform_headep_sobp_1e8/closed/crysp_r35_50cm_csi_2x0/sensitivity/grid64x64x96_1.5mm_orgm47.25_m47.25_m119.25_n1000000000"
n_sens = 1000000000
recocrysp_sha = "a6d900e9818aa27bda9bb2ef43ef21f54f1d5bb6"

[grid]
img_origin = [-47.25, -47.25, -119.25]
voxsize = [1.5, 1.5, 1.5]
n = [64, 64, 96]
