niter_plateau_check = 100
out_of_grid_frac = 0.0006033082490067995
n_events = 3830546
shard = 6
window_mm = [-36.45211098410399, -1.4521109841039888]
niter = 50
selection = "all-uncorrected"
profile = "whole-plane"

[final]
z0_err_mm = 0.23019074559589003
stability_spread_mm = 0.20334175977649416
w_mm = 10.605366037267167
r50_fit_mm = -14.62999697005958
r50_crossing_mm = -16.03531898490277

    [final.stability]
    "window_2.0mm" = -14.833338729836074
    "window_-2.0mm" = -14.514679747194137

[r50_vs_iter]
z0_err_mm = [0.2234941558566887, 0.22710778765824466, 0.22905684688405376, 0.22988798629801013, 0.23019074559589003, 0.23024689221701822, 0.23019781521499288, 0.23011033427815922, 0.23001537729220764, 0.22992649929603806]
iters = [10, 20, 30, 40, 50, 60, 70, 80, 90, 100]
r50_mm = [-14.72094918423474, -14.657093959163802, -14.636982948118302, -14.630661702491379, -14.62999697005958, -14.631377254703489, -14.63318633547031, -14.634868324830133, -14.636306209128676, -14.63751486288632]

[timing_s]
recon = 8.389680292
attenuation = 0.037798541

[reference]
dose_R80_mm = -5.583925305859627
activity_R50_crossing_mm = -16.45211098410399
activity_R50_fit_mm = -14.323083184884254

[sens]
cache = "/Users/jjgomezcadenas/Projects/CryspBrainSim/out/uniform_headep_sobp_1e8/closed/crysp_r35_50cm_csi_2x0/sensitivity/grid64x64x96_1.5mm_orgm47.25_m47.25_m119.25_n1000000000"
n_sens = 1000000000
recocrysp_sha = "a6d900e9818aa27bda9bb2ef43ef21f54f1d5bb6"

[grid]
img_origin = [-47.25, -47.25, -119.25]
voxsize = [1.5, 1.5, 1.5]
n = [64, 64, 96]
