niter_plateau_check = 100
out_of_grid_frac = 0.0006122301517653186
n_events = 3335347
shard = 7
window_mm = [-36.45211098410399, -1.4521109841039888]
niter = 50
selection = "trues-only"
profile = "whole-plane"

[final]
z0_err_mm = 0.16932015505067144
stability_spread_mm = 0.2346235692829879
w_mm = 9.951145099954207
r50_fit_mm = -14.771952655335127
r50_crossing_mm = -15.995496031802114

    [final.stability]
    "window_2.0mm" = -14.779856382676694
    "window_-2.0mm" = -14.53732908605214

[r50_vs_iter]
z0_err_mm = [0.17101782995460726, 0.17029237405945274, 0.16977344300067496, 0.16948480352383286, 0.16932015505067144, 0.16922909476050052, 0.1691816579533074, 0.1691597537531154, 0.16915229287722383, 0.16915290253439508]
iters = [10, 20, 30, 40, 50, 60, 70, 80, 90, 100]
r50_mm = [-14.773249438893146, -14.76789547208115, -14.770326084003658, -14.77121619391828, -14.771952655335127, -14.772815838105391, -14.773735236412016, -14.774616232804863, -14.775402322648393, -14.77607354688721]

[timing_s]
recon = 7.8675185
attenuation = 0.037478042

[reference]
dose_R80_mm = -5.583925305859627
activity_R50_crossing_mm = -16.45211098410399
activity_R50_fit_mm = -14.323083184884254

[sens]
cache = "/Users/jjgomezcadenas/Projects/CryspBrainSim/out/uniform_headep_sobp_1e8/closed/crysp_r35_50cm_csi_2x0/sensitivity/grid64x64x96_1.5mm_orgm47.25_m47.25_m119.25_n1000000000"
n_sens = 1000000000
recocrysp_sha = "a6d900e9818aa27bda9bb2ef43ef21f54f1d5bb6"

[grid]
img_origin = [-47.25, -47.25, -119.25]
voxsize = [1.5, 1.5, 1.5]
n = [64, 64, 96]
