niter_plateau_check = 100
out_of_grid_frac = 0.0006118573886873501
n_events = 3337379
shard = 3
window_mm = [-36.45211098410399, -1.4521109841039888]
niter = 50
selection = "trues-only"
profile = "whole-plane"

[final]
z0_err_mm = 0.1758625068393901
stability_spread_mm = 0.46037198146149194
w_mm = 10.181743923292817
r50_fit_mm = -14.748318101344948
r50_crossing_mm = -16.16918174272108

    [final.stability]
    "window_2.0mm" = -14.761912786102428
    "window_-2.0mm" = -14.287946119883456

[r50_vs_iter]
z0_err_mm = [0.17668477454916712, 0.17625507319775638, 0.1759910359998278, 0.17590732181756455, 0.1758625068393901, 0.17583009329749663, 0.17580388053959642, 0.17578239622278882, 0.17576551868827406, 0.17575293870363537]
iters = [10, 20, 30, 40, 50, 60, 70, 80, 90, 100]
r50_mm = [-14.732251566231316, -14.733165122773817, -14.741184162496818, -14.745618153367234, -14.748318101344948, -14.75013813788866, -14.751460539475952, -14.752465186796952, -14.753246225448246, -14.753857530905982]

[timing_s]
recon = 7.787272917
attenuation = 0.036085875

[reference]
dose_R80_mm = -5.583925305859627
activity_R50_crossing_mm = -16.45211098410399
activity_R50_fit_mm = -14.323083184884254

[sens]
cache = "/Users/jjgomezcadenas/Projects/CryspBrainSim/out/uniform_headep_sobp_1e8/closed/crysp_r35_50cm_csi_2x0/sensitivity/grid64x64x96_1.5mm_orgm47.25_m47.25_m119.25_n1000000000"
n_sens = 1000000000
recocrysp_sha = "a6d900e9818aa27bda9bb2ef43ef21f54f1d5bb6"

[grid]
img_origin = [-47.25, -47.25, -119.25]
voxsize = [1.5, 1.5, 1.5]
n = [64, 64, 96]
