niter_plateau_check = 100
out_of_grid_frac = 0.000610435447950484
n_events = 3335324
shard = 4
window_mm = [-36.45211098410399, -1.4521109841039888]
niter = 50
selection = "trues-only"
profile = "whole-plane"

[final]
z0_err_mm = 0.17922098085535548
stability_spread_mm = 0.4617457766540838
w_mm = 10.261101741683042
r50_fit_mm = -14.720141000683004
r50_crossing_mm = -15.903464401844792

    [final.stability]
    "window_2.0mm" = -14.692373604584544
    "window_-2.0mm" = -14.25839522402892

[r50_vs_iter]
z0_err_mm = [0.17933763800227565, 0.17937675327846078, 0.17926840053420162, 0.1792322086944168, 0.17922098085535548, 0.179224593804171, 0.1792352027859122, 0.17924681031690104, 0.17925660181004302, 0.17926340669067792]
iters = [10, 20, 30, 40, 50, 60, 70, 80, 90, 100]
r50_mm = [-14.710438597369077, -14.704385338984928, -14.711446964579897, -14.716589083208184, -14.720141000683004, -14.722740359963478, -14.72472267227653, -14.726280975935012, -14.727535922970528, -14.72856121181763]

[timing_s]
recon = 7.727544666
attenuation = 0.0356805

[reference]
dose_R80_mm = -5.583925305859627
activity_R50_crossing_mm = -16.45211098410399
activity_R50_fit_mm = -14.323083184884254

[sens]
cache = "/Users/jjgomezcadenas/Projects/CryspBrainSim/out/uniform_headep_sobp_1e8/closed/crysp_r35_50cm_csi_2x0/sensitivity/grid64x64x96_1.5mm_orgm47.25_m47.25_m119.25_n1000000000"
n_sens = 1000000000
recocrysp_sha = "a6d900e9818aa27bda9bb2ef43ef21f54f1d5bb6"

[grid]
img_origin = [-47.25, -47.25, -119.25]
voxsize = [1.5, 1.5, 1.5]
n = [64, 64, 96]
