niter_plateau_check = 100
out_of_grid_frac = 0.000606668341854088
n_events = 3832407
shard = 3
window_mm = [-36.45211098410399, -1.4521109841039888]
niter = 50
selection = "all-uncorrected"
profile = "whole-plane"

[final]
z0_err_mm = 0.2185169268228651
stability_spread_mm = 0.6375903608989564
w_mm = 10.201249273088537
r50_fit_mm = -14.701773657621814
r50_crossing_mm = -16.277042480864647

    [final.stability]
    "window_2.0mm" = -14.707372793382197
    "window_-2.0mm" = -14.064183296722858

[r50_vs_iter]
z0_err_mm = [0.2231328699292817, 0.22137082691968216, 0.220097904733679, 0.2191670306288244, 0.2185169268228651, 0.2180940580512078, 0.21783116058595567, 0.21767093000866558, 0.21757331741031577, 0.217513688635728]
iters = [10, 20, 30, 40, 50, 60, 70, 80, 90, 100]
r50_mm = [-14.67693379866639, -14.677598684410832, -14.689151350040197, -14.696563570494995, -14.701773657621814, -14.70546614049673, -14.707996750044147, -14.709707168028038, -14.71087795250092, -14.711695176251794]

[timing_s]
recon = 8.267975917
attenuation = 0.039581583

[reference]
dose_R80_mm = -5.583925305859627
activity_R50_crossing_mm = -16.45211098410399
activity_R50_fit_mm = -14.323083184884254

[sens]
cache = "/Users/jjgomezcadenas/Projects/CryspBrainSim/out/uniform_headep_sobp_1e8/closed/crysp_r35_50cm_csi_2x0/sensitivity/grid64x64x96_1.5mm_orgm47.25_m47.25_m119.25_n1000000000"
n_sens = 1000000000
recocrysp_sha = "a6d900e9818aa27bda9bb2ef43ef21f54f1d5bb6"

[grid]
img_origin = [-47.25, -47.25, -119.25]
voxsize = [1.5, 1.5, 1.5]
n = [64, 64, 96]
