niter_plateau_check = 100
out_of_grid_frac = 0.0006176014615967729
n_events = 3332246
shard = 2
window_mm = [-36.45211098410399, -1.4521109841039888]
niter = 50
selection = "trues-only"
profile = "whole-plane"

[final]
z0_err_mm = 0.16977616912460985
stability_spread_mm = 0.036820164286067936
w_mm = 10.079195410844658
r50_fit_mm = -14.876107976280137
r50_crossing_mm = -16.0527834302731

    [final.stability]
    "window_2.0mm" = -14.858067093979477
    "window_-2.0mm" = -14.912928140566205

[r50_vs_iter]
z0_err_mm = [0.16881341189762436, 0.16969498533867203, 0.169811735768178, 0.16980915861220192, 0.16977616912460985, 0.16972873231863284, 0.16967040384428958, 0.16960630104947397, 0.16954169864081747, 0.16948008773086154]
iters = [10, 20, 30, 40, 50, 60, 70, 80, 90, 100]
r50_mm = [-14.878528107881255, -14.864316100322265, -14.868923397163739, -14.873256997811318, -14.876107976280137, -14.87802478969006, -14.879448472678575, -14.88058771504991, -14.881530964468958, -14.88232237835072]

[timing_s]
recon = 7.786953083
attenuation = 0.035939125

[reference]
dose_R80_mm = -5.583925305859627
activity_R50_crossing_mm = -16.45211098410399
activity_R50_fit_mm = -14.323083184884254

[sens]
cache = "/Users/jjgomezcadenas/Projects/CryspBrainSim/out/uniform_headep_sobp_1e8/closed/crysp_r35_50cm_csi_2x0/sensitivity/grid64x64x96_1.5mm_orgm47.25_m47.25_m119.25_n1000000000"
n_sens = 1000000000
recocrysp_sha = "a6d900e9818aa27bda9bb2ef43ef21f54f1d5bb6"

[grid]
img_origin = [-47.25, -47.25, -119.25]
voxsize = [1.5, 1.5, 1.5]
n = [64, 64, 96]
