niter_plateau_check = 100
out_of_grid_frac = 0.000611737368067205
n_events = 3830075
shard = 4
window_mm = [-36.45211098410399, -1.4521109841039888]
niter = 50
selection = "all-uncorrected"
profile = "whole-plane"

[final]
z0_err_mm = 0.23652194247951547
stability_spread_mm = 0.4628098179918876
w_mm = 10.643070509736084
r50_fit_mm = -14.552734834155928
r50_crossing_mm = -15.93860474473804

    [final.stability]
    "window_2.0mm" = -14.615977676616131
    "window_-2.0mm" = -14.08992501616404

[r50_vs_iter]
z0_err_mm = [0.23369348418380098, 0.23492639730804835, 0.2357761066740244, 0.236315978552395, 0.23652194247951547, 0.23658493222060598, 0.23659311696723445, 0.23657461552257256, 0.2365410782190885, 0.2364992172141469]
iters = [10, 20, 30, 40, 50, 60, 70, 80, 90, 100]
r50_mm = [-14.598783682696915, -14.570746764777748, -14.561076473770202, -14.554573720277572, -14.552734834155928, -14.553332776855171, -14.554841263379735, -14.556577405264605, -14.558262389305863, -14.55979060519899]

[timing_s]
recon = 8.671436709
attenuation = 0.048309958

[reference]
dose_R80_mm = -5.583925305859627
activity_R50_crossing_mm = -16.45211098410399
activity_R50_fit_mm = -14.323083184884254

[sens]
cache = "/Users/jjgomezcadenas/Projects/CryspBrainSim/out/uniform_headep_sobp_1e8/closed/crysp_r35_50cm_csi_2x0/sensitivity/grid64x64x96_1.5mm_orgm47.25_m47.25_m119.25_n1000000000"
n_sens = 1000000000
recocrysp_sha = "a6d900e9818aa27bda9bb2ef43ef21f54f1d5bb6"

[grid]
img_origin = [-47.25, -47.25, -119.25]
voxsize = [1.5, 1.5, 1.5]
n = [64, 64, 96]
