niter_plateau_check = 100
out_of_grid_frac = 0.0006177654344645338
n_events = 3334599
shard = 0
window_mm = [-36.45211098410399, -1.4521109841039888]
niter = 50
selection = "trues-only"
profile = "whole-plane"

[final]
z0_err_mm = 0.1793312563867325
stability_spread_mm = 0.10828843880964989
w_mm = 10.32706368225091
r50_fit_mm = -14.664666916017392
r50_crossing_mm = -16.04157426460906

    [final.stability]
    "window_2.0mm" = -14.77246522498597
    "window_-2.0mm" = -14.556378477207742

[r50_vs_iter]
z0_err_mm = [0.17719170699518763, 0.17878066104518126, 0.1792306657419883, 0.17932228300373756, 0.1793312563867325, 0.17933581761925196, 0.17934663598168715, 0.17935956755093546, 0.17937063948212548, 0.17937818541397235]
iters = [10, 20, 30, 40, 50, 60, 70, 80, 90, 100]
r50_mm = [-14.721084655770634, -14.679737646779419, -14.668115604826198, -14.665295036398259, -14.664666916017392, -14.664447597259018, -14.664328089303194, -14.6642938562406, -14.664339932756958, -14.664453693594405]

[timing_s]
recon = 7.94105675
attenuation = 0.039369875

[reference]
dose_R80_mm = -5.583925305859627
activity_R50_crossing_mm = -16.45211098410399
activity_R50_fit_mm = -14.323083184884254

[sens]
cache = "/Users/jjgomezcadenas/Projects/CryspBrainSim/out/uniform_headep_sobp_1e8/closed/crysp_r35_50cm_csi_2x0/sensitivity/grid64x64x96_1.5mm_orgm47.25_m47.25_m119.25_n1000000000"
n_sens = 1000000000
recocrysp_sha = "a6d900e9818aa27bda9bb2ef43ef21f54f1d5bb6"

[grid]
img_origin = [-47.25, -47.25, -119.25]
voxsize = [1.5, 1.5, 1.5]
n = [64, 64, 96]
