niter_plateau_check = 100
out_of_grid_frac = 0.0006079566779904094
n_events = 3335764
shard = 6
window_mm = [-36.45211098410399, -1.4521109841039888]
niter = 50
selection = "trues-only"
profile = "whole-plane"

[final]
z0_err_mm = 0.17726559222892707
stability_spread_mm = 0.10739871484853758
w_mm = 10.344740341202163
r50_fit_mm = -14.781407389746443
r50_crossing_mm = -15.986948095412155

    [final.stability]
    "window_2.0mm" = -14.852316878388498
    "window_-2.0mm" = -14.674008674897905

[r50_vs_iter]
z0_err_mm = [0.17595706687827542, 0.17687305665960548, 0.17706920731504514, 0.17718958188557848, 0.17726559222892707, 0.1773057711598041, 0.17732283641751864, 0.17732731801327956, 0.1773261574659908, 0.17732347660621064]
iters = [10, 20, 30, 40, 50, 60, 70, 80, 90, 100]
r50_mm = [-14.822004267813496, -14.783464055576227, -14.780137428173923, -14.780799716423312, -14.781407389746443, -14.781724597042327, -14.781877375581907, -14.781968988237367, -14.782051048864908, -14.782147299254522]

[timing_s]
recon = 7.813993541
attenuation = 0.035840834

[reference]
dose_R80_mm = -5.583925305859627
activity_R50_crossing_mm = -16.45211098410399
activity_R50_fit_mm = -14.323083184884254

[sens]
cache = "/Users/jjgomezcadenas/Projects/CryspBrainSim/out/uniform_headep_sobp_1e8/closed/crysp_r35_50cm_csi_2x0/sensitivity/grid64x64x96_1.5mm_orgm47.25_m47.25_m119.25_n1000000000"
n_sens = 1000000000
recocrysp_sha = "a6d900e9818aa27bda9bb2ef43ef21f54f1d5bb6"

[grid]
img_origin = [-47.25, -47.25, -119.25]
voxsize = [1.5, 1.5, 1.5]
n = [64, 64, 96]
