frozen_niter = 50
niter = [10, 20, 30, 40, 50, 60, 70, 80, 90, 100, 110, 120, 130, 140, 150]
crystal = "csi"
realizations = 50
dose_Gy = 1.0
scanner = "crysp_r35_50cm_csi_2x0"

[[point]]
washed_mean_R50_mm = [-15.362201827930999, -15.353147276471855, -15.358573254902813, -15.363140009706548, -15.365830049146343, -15.36742018208483, -15.368444759285481, -15.369159877814841, -15.369687859868298, -15.370092447875372, -15.370410569470328, -15.370665282837432, -15.370872011420616, -15.37104162331857, -15.371181886252884]
washed_sigma_R_mm = [0.1901525565847046, 0.21215074489408778, 0.22086149562198903, 0.22414235722935258, 0.2257056569651359, 0.22657432948926723, 0.22708584133709492, 0.2274030741394841, 0.22761419770764765, 0.22776654069628596, 0.2278849821841832, 0.227982619925827, 0.22806621293082205, 0.22813989333762044, 0.22820562486196308]
t_start_s = 120.0
[[point]]
washed_mean_R50_mm = [-15.894655942112795, -15.869499852293531, -15.867386414144129, -15.868264549905707, -15.869635680995806, -15.87098362849232, -15.872150418605452, -15.873116269910488, -15.873906955080528, -15.874556859359709, -15.875096554308529, -15.875550170265528, -15.875936143019128, -15.876267796407646, -15.876555434117108]
washed_sigma_R_mm = [0.25296616736066063, 0.27300631612776044, 0.2795996613113276, 0.28294992932335655, 0.2850874676532321, 0.28644038003258204, 0.2872523605187327, 0.2877163646265282, 0.2879722318199355, 0.288110324419539, 0.28818406367048593, 0.2882233341952615, 0.2882438095899711, 0.2882538947636776, 0.28825776701533967]
t_start_s = 180.0
