niter_plateau_check = 100
out_of_grid_frac = 0.0006288342029519148
n_events = 3411074
shard = 0
window_mm = [-36.45211098410399, -1.4521109841039888]
niter = 50
selection = "trues-only"
profile = "whole-plane"

[final]
z0_err_mm = 0.24199681788632663
stability_spread_mm = 0.1293578464166334
w_mm = 9.830902366566535
r50_fit_mm = -15.169209069764868
r50_crossing_mm = -16.327214110619316

    [final.stability]
    "window_2.0mm" = -15.055118637840781
    "window_-2.0mm" = -15.039851223348235

[r50_vs_iter]
z0_err_mm = [0.24451169745340914, 0.24337438774721254, 0.24260408658355972, 0.24220636934130085, 0.24199681788632663, 0.2418841479521311, 0.24182047640718882, 0.24178172811000515, 0.2417564292917249, 0.24173924598062158]
iters = [10, 20, 30, 40, 50, 60, 70, 80, 90, 100]
r50_mm = [-15.159509222670973, -15.151979431829465, -15.160348663942038, -15.166017375827161, -15.169209069764868, -15.171085957781171, -15.172310368038424, -15.173207123957841, -15.173934175930142, -15.174569291546481]

[timing_s]
recon = 7.5559645
attenuation = 0.032964542

[reference]
dose_R80_mm = -5.583925305859627
activity_R50_crossing_mm = -16.45211098410399
activity_R50_fit_mm = -14.323083184884254

[sens]
cache = "/Users/jjgomezcadenas/Projects/CryspBrainSim/out/uniform_headep_sobp_1e8/closed/crysp_chs_csi_2x0/sensitivity/grid64x64x96_1.5mm_orgm47.25_m47.25_m119.25_n1000000000"
n_sens = 1000000000
recocrysp_sha = "a6d900e9818aa27bda9bb2ef43ef21f54f1d5bb6"

[grid]
img_origin = [-47.25, -47.25, -119.25]
voxsize = [1.5, 1.5, 1.5]
n = [64, 64, 96]
