niter_plateau_check = 100
out_of_grid_frac = 0.000629197346808347
n_events = 3938351
shard = 0
window_mm = [-36.45211098410399, -1.4521109841039888]
niter = 50
selection = "all-uncorrected"
profile = "whole-plane"

[final]
z0_err_mm = 0.30045270083358283
stability_spread_mm = 0.17153188901398408
w_mm = 10.353294187817498
r50_fit_mm = -15.193044142206611
r50_crossing_mm = -16.353741005893667

    [final.stability]
    "window_2.0mm" = -15.086811638923194
    "window_-2.0mm" = -15.021512253192627

[r50_vs_iter]
z0_err_mm = [0.29981121581149217, 0.3004615530775861, 0.30066745919153826, 0.3005806075336177, 0.30045270083358283, 0.30036604598159794, 0.3003280997930476, 0.3003232854101916, 0.3003353243949034, 0.3003538739899364]
iters = [10, 20, 30, 40, 50, 60, 70, 80, 90, 100]
r50_mm = [-15.208038303785179, -15.182565316555364, -15.183578184297973, -15.188787433195737, -15.193044142206611, -15.195698280699382, -15.197158480427634, -15.197908356495757, -15.198305373430916, -15.198559301516548]

[timing_s]
recon = 8.2987105
attenuation = 0.033807458

[reference]
dose_R80_mm = -5.583925305859627
activity_R50_crossing_mm = -16.45211098410399
activity_R50_fit_mm = -14.323083184884254

[sens]
cache = "/Users/jjgomezcadenas/Projects/CryspBrainSim/out/uniform_headep_sobp_1e8/closed/crysp_chs_csi_2x0/sensitivity/grid64x64x96_1.5mm_orgm47.25_m47.25_m119.25_n1000000000"
n_sens = 1000000000
recocrysp_sha = "a6d900e9818aa27bda9bb2ef43ef21f54f1d5bb6"

[grid]
img_origin = [-47.25, -47.25, -119.25]
voxsize = [1.5, 1.5, 1.5]
n = [64, 64, 96]
