niter_plateau_check = 100
out_of_grid_frac = 0.0005973982022029988
n_events = 5247756
shard = 9
window_mm = [-36.45211098410399, -1.4521109841039888]
niter = 50
selection = "trues-only"
roi_mm = 13.0

[final]
z0_err_mm = 0.14600004894097154
stability_spread_mm = 0.13479176732107945
w_mm = 9.200223871972751
r50_fit_mm = -15.57625516463645
r50_crossing_mm = -16.2305445976128

    [final.stability]
    "window_2.0mm" = -15.65962922586474
    "roi_15.0mm" = -15.482631681548286
    "roi_12.0mm" = -15.71104693195753
    "window_-2.0mm" = -15.497294109894405

[r50_vs_iter]
z0_err_mm = [0.14658269463028512, 0.14460158768856265, 0.14506847904136344, 0.1456107286035965, 0.14600004894097154, 0.14629380518544338, 0.1465352195769634, 0.1467424377434736, 0.14692240713983426, 0.1470786569104928]
iters = [10, 20, 30, 40, 50, 60, 70, 80, 90, 100]
r50_mm = [-15.642074643685921, -15.60838020875202, -15.588794557521359, -15.580149085149195, -15.57625516463645, -15.574954499903484, -15.575111351804477, -15.576045116378532, -15.577343312934904, -15.578770848790425]

[timing_s]
recon = 10.915002042
attenuation = 0.037625334

[reference]
dose_R80_mm = -5.583925305859627
activity_R50_crossing_mm = -16.45211098410399
activity_R50_fit_mm = -14.323083184884254

[sens]
cache = "/Users/jjgomezcadenas/Projects/CryspBrainSim/out/uniform_headep_sobp_1e8/closed/crysp_ring_1m_csi_2x0/sensitivity/grid64x64x96_1.5mm_orgm47.25_m47.25_m119.25_n1000000000"
n_sens = 1000000000
recocrysp_sha = "a6d900e9818aa27bda9bb2ef43ef21f54f1d5bb6"

[grid]
img_origin = [-47.25, -47.25, -119.25]
voxsize = [1.5, 1.5, 1.5]
n = [64, 64, 96]
