niter_plateau_check = 100
out_of_grid_frac = 0.0005934058277135561
n_events = 5252729
shard = 0
window_mm = [-36.45211098410399, -1.4521109841039888]
niter = 50
selection = "trues-only"
roi_mm = 13.0

[final]
z0_err_mm = 0.14273354127085644
stability_spread_mm = 0.2896234902666155
w_mm = 8.889785196459178
r50_fit_mm = -15.723680140004678
r50_crossing_mm = -15.788238689057916

    [final.stability]
    "window_2.0mm" = -15.624907676322769
    "roi_15.0mm" = -15.6222390281127
    "roi_12.0mm" = -15.813559048940736
    "window_-2.0mm" = -15.434056649738062

[r50_vs_iter]
z0_err_mm = [0.14516190141646754, 0.14164394092155913, 0.14161470947161298, 0.14215984543345722, 0.14273354127085644, 0.14323685094165464, 0.14365694388607989, 0.14400113113990054, 0.14428083999600663, 0.14450812249776715]
iters = [10, 20, 30, 40, 50, 60, 70, 80, 90, 100]
r50_mm = [-15.693207746897613, -15.696485024178575, -15.704940808980988, -15.715361427986405, -15.723680140004678, -15.730304652859516, -15.735836238621008, -15.740601659269553, -15.744760272208746, -15.74840158178493]

[timing_s]
recon = 11.221568042
attenuation = 0.05135975

[reference]
dose_R80_mm = -5.583925305859627
activity_R50_crossing_mm = -16.45211098410399
activity_R50_fit_mm = -14.323083184884254

[sens]
cache = "/Users/jjgomezcadenas/Projects/CryspBrainSim/out/uniform_headep_sobp_1e8/closed/crysp_ring_1m_csi_2x0/sensitivity/grid64x64x96_1.5mm_orgm47.25_m47.25_m119.25_n1000000000"
n_sens = 1000000000
recocrysp_sha = "a6d900e9818aa27bda9bb2ef43ef21f54f1d5bb6"

[grid]
img_origin = [-47.25, -47.25, -119.25]
voxsize = [1.5, 1.5, 1.5]
n = [64, 64, 96]
