niter_plateau_check = 100
out_of_grid_frac = 0.0005935979822616627
n_events = 6063026
shard = 0
window_mm = [-36.45211098410399, -1.4521109841039888]
niter = 50
selection = "all-uncorrected"
roi_mm = 13.0

[final]
z0_err_mm = 0.1581168690755353
stability_spread_mm = 0.26385650788367343
w_mm = 9.01371660472772
r50_fit_mm = -15.721000779745845
r50_crossing_mm = -15.887180888046974

    [final.stability]
    "window_2.0mm" = -15.652753377312997
    "roi_15.0mm" = -15.630227804565022
    "roi_12.0mm" = -15.807051057798207
    "window_-2.0mm" = -15.457144271862171

[r50_vs_iter]
z0_err_mm = [0.1601242818194242, 0.1568425489314816, 0.15674620853047502, 0.15738775459963306, 0.1581168690755353, 0.1587767562833486, 0.15933589758546338, 0.15979772061346342, 0.1601754596911958, 0.16048293672537708]
iters = [10, 20, 30, 40, 50, 60, 70, 80, 90, 100]
r50_mm = [-15.715579926784837, -15.714777829566453, -15.715676372826195, -15.718714599152417, -15.721000779745845, -15.722934980695484, -15.724880743894968, -15.72682280258057, -15.728671102247022, -15.730357155986349]

[timing_s]
recon = 11.683048209
attenuation = 0.039606875

[reference]
dose_R80_mm = -5.583925305859627
activity_R50_crossing_mm = -16.45211098410399
activity_R50_fit_mm = -14.323083184884254

[sens]
cache = "/Users/jjgomezcadenas/Projects/CryspBrainSim/out/uniform_headep_sobp_1e8/closed/crysp_ring_1m_csi_2x0/sensitivity/grid64x64x96_1.5mm_orgm47.25_m47.25_m119.25_n1000000000"
n_sens = 1000000000
recocrysp_sha = "a6d900e9818aa27bda9bb2ef43ef21f54f1d5bb6"

[grid]
img_origin = [-47.25, -47.25, -119.25]
voxsize = [1.5, 1.5, 1.5]
n = [64, 64, 96]
