niter_plateau_check = 100
out_of_grid_frac = 0.0005710967877615368
n_events = 5249548
shard = 5
window_mm = [-36.45211098410399, -1.4521109841039888]
niter = 50
selection = "trues-only"
roi_mm = 13.0

[final]
z0_err_mm = 0.14291492300661268
stability_spread_mm = 0.2534493903131292
w_mm = 8.9916019539634
r50_fit_mm = -15.5861210654161
r50_crossing_mm = -16.199559392815143

    [final.stability]
    "window_2.0mm" = -15.57429208963661
    "roi_15.0mm" = -15.519342258369093
    "roi_12.0mm" = -15.609478298949263
    "window_-2.0mm" = -15.33267167510297

[r50_vs_iter]
z0_err_mm = [0.14590735134303434, 0.14274171860489832, 0.14253439195136522, 0.1427185007685861, 0.14291492300661268, 0.14308780167938698, 0.14323402496219526, 0.1433542981582636, 0.1434507159598857, 0.14352589186881134]
iters = [10, 20, 30, 40, 50, 60, 70, 80, 90, 100]
r50_mm = [-15.61351309258444, -15.595509949027967, -15.58644089778206, -15.585388622889, -15.5861210654161, -15.587355795760152, -15.588868078461937, -15.590538834814598, -15.592260078733842, -15.593918821815219]

[timing_s]
recon = 10.913450709
attenuation = 0.037304708

[reference]
dose_R80_mm = -5.583925305859627
activity_R50_crossing_mm = -16.45211098410399
activity_R50_fit_mm = -14.323083184884254

[sens]
cache = "/Users/jjgomezcadenas/Projects/CryspBrainSim/out/uniform_headep_sobp_1e8/closed/crysp_ring_1m_csi_2x0/sensitivity/grid64x64x96_1.5mm_orgm47.25_m47.25_m119.25_n1000000000"
n_sens = 1000000000
recocrysp_sha = "a6d900e9818aa27bda9bb2ef43ef21f54f1d5bb6"

[grid]
img_origin = [-47.25, -47.25, -119.25]
voxsize = [1.5, 1.5, 1.5]
n = [64, 64, 96]
