niter_plateau_check = 100
out_of_grid_frac = 0.0006077118789944236
n_events = 5245907
shard = 3
window_mm = [-36.45211098410399, -1.4521109841039888]
niter = 50
selection = "trues-only"
roi_mm = 13.0

[final]
z0_err_mm = 0.14305965993462033
stability_spread_mm = 0.22361953325290784
w_mm = 9.043010946089513
r50_fit_mm = -15.518589218897333
r50_crossing_mm = -15.730099323694981

    [final.stability]
    "window_2.0mm" = -15.402006673638333
    "roi_15.0mm" = -15.660552346507524
    "roi_12.0mm" = -15.74220875215024
    "window_-2.0mm" = -15.456400608787598

[r50_vs_iter]
z0_err_mm = [0.14630612772594667, 0.14329023067668256, 0.14304797222620055, 0.14308253720973374, 0.14305965993462033, 0.14299203776801966, 0.14290834898839128, 0.14282463733850861, 0.14274737279301614, 0.14267862343155754]
iters = [10, 20, 30, 40, 50, 60, 70, 80, 90, 100]
r50_mm = [-15.632374597976185, -15.593559624838079, -15.560806337924435, -15.537256779896081, -15.518589218897333, -15.503640586237388, -15.491810822635438, -15.482536582623679, -15.475292221475058, -15.469622919699455]

[timing_s]
recon = 11.460599375
attenuation = 0.037652375

[reference]
dose_R80_mm = -5.583925305859627
activity_R50_crossing_mm = -16.45211098410399
activity_R50_fit_mm = -14.323083184884254

[sens]
cache = "/Users/jjgomezcadenas/Projects/CryspBrainSim/out/uniform_headep_sobp_1e8/closed/crysp_ring_1m_csi_2x0/sensitivity/grid64x64x96_1.5mm_orgm47.25_m47.25_m119.25_n1000000000"
n_sens = 1000000000
recocrysp_sha = "a6d900e9818aa27bda9bb2ef43ef21f54f1d5bb6"

[grid]
img_origin = [-47.25, -47.25, -119.25]
voxsize = [1.5, 1.5, 1.5]
n = [64, 64, 96]
