niter_plateau_check = 100
out_of_grid_frac = 0.0005844099775137491
n_events = 5246317
shard = 4
window_mm = [-36.45211098410399, -1.4521109841039888]
niter = 50
selection = "trues-only"
roi_mm = 13.0

[final]
z0_err_mm = 0.14962006568842245
stability_spread_mm = 0.43679598873620407
w_mm = 9.17781197282518
r50_fit_mm = -15.820519793601282
r50_crossing_mm = -15.695122964327396

    [final.stability]
    "window_2.0mm" = -15.708351276434422
    "roi_15.0mm" = -15.574682842477621
    "roi_12.0mm" = -15.766340558829205
    "window_-2.0mm" = -15.383723804865078

[r50_vs_iter]
z0_err_mm = [0.14969906776084418, 0.14727767868920905, 0.14799023160799793, 0.14888485323897693, 0.14962006568842245, 0.15023540466184193, 0.15077087966065833, 0.15124383813915418, 0.1516603590182823, 0.15202522205312716]
iters = [10, 20, 30, 40, 50, 60, 70, 80, 90, 100]
r50_mm = [-15.69196216654454, -15.726828995199842, -15.758563393383083, -15.7913381240646, -15.820519793601282, -15.845292339872685, -15.865948983180367, -15.883116521210182, -15.897411272331508, -15.909382513416134]

[timing_s]
recon = 10.867687666
attenuation = 0.037480875

[reference]
dose_R80_mm = -5.583925305859627
activity_R50_crossing_mm = -16.45211098410399
activity_R50_fit_mm = -14.323083184884254

[sens]
cache = "/Users/jjgomezcadenas/Projects/CryspBrainSim/out/uniform_headep_sobp_1e8/closed/crysp_ring_1m_csi_2x0/sensitivity/grid64x64x96_1.5mm_orgm47.25_m47.25_m119.25_n1000000000"
n_sens = 1000000000
recocrysp_sha = "a6d900e9818aa27bda9bb2ef43ef21f54f1d5bb6"

[grid]
img_origin = [-47.25, -47.25, -119.25]
voxsize = [1.5, 1.5, 1.5]
n = [64, 64, 96]
