niter_plateau_check = 100
out_of_grid_frac = 0.0005956453357486571
n_events = 5253126
shard = 7
window_mm = [-36.45211098410399, -1.4521109841039888]
niter = 50
selection = "trues-only"
roi_mm = 13.0

[final]
z0_err_mm = 0.14254195779051654
stability_spread_mm = 0.23986521373056213
w_mm = 9.035752095318593
r50_fit_mm = -15.35342412949594
r50_crossing_mm = -16.186367660182803

    [final.stability]
    "window_2.0mm" = -15.409868722224369
    "roi_15.0mm" = -15.593289343226502
    "roi_12.0mm" = -15.464961465398451
    "window_-2.0mm" = -15.16920436817755

[r50_vs_iter]
z0_err_mm = [0.146032852046145, 0.14257180118938836, 0.1422770890255105, 0.14241463587151504, 0.14254195779051654, 0.14263893905765465, 0.14272493387576324, 0.1428083926166372, 0.14288935352539694, 0.14296558361638004]
iters = [10, 20, 30, 40, 50, 60, 70, 80, 90, 100]
r50_mm = [-15.544308971959444, -15.467421343280657, -15.412322670201378, -15.376524102806762, -15.35342412949594, -15.338830330875906, -15.329701663951107, -15.324025142721029, -15.320520012702705, -15.318380763833526]

[timing_s]
recon = 10.873716458
attenuation = 0.037383166

[reference]
dose_R80_mm = -5.583925305859627
activity_R50_crossing_mm = -16.45211098410399
activity_R50_fit_mm = -14.323083184884254

[sens]
cache = "/Users/jjgomezcadenas/Projects/CryspBrainSim/out/uniform_headep_sobp_1e8/closed/crysp_ring_1m_csi_2x0/sensitivity/grid64x64x96_1.5mm_orgm47.25_m47.25_m119.25_n1000000000"
n_sens = 1000000000
recocrysp_sha = "a6d900e9818aa27bda9bb2ef43ef21f54f1d5bb6"

[grid]
img_origin = [-47.25, -47.25, -119.25]
voxsize = [1.5, 1.5, 1.5]
n = [64, 64, 96]
