niter_plateau_check = 100
out_of_grid_frac = 0.0005938543091728628
n_events = 6060409
shard = 2
window_mm = [-36.45211098410399, -1.4521109841039888]
niter = 50
selection = "all-uncorrected"
roi_mm = 13.0

[final]
z0_err_mm = 0.1633281363731132
stability_spread_mm = 0.2312394661792343
w_mm = 9.349493414748885
r50_fit_mm = -15.74191707529376
r50_crossing_mm = -16.819376400789903

    [final.stability]
    "window_2.0mm" = -15.700861424565577
    "roi_15.0mm" = -15.655103416535432
    "roi_12.0mm" = -15.905513989500536
    "window_-2.0mm" = -15.510677609114525

[r50_vs_iter]
z0_err_mm = [0.1643574698043457, 0.16247354809793954, 0.16268849364807136, 0.16308357142231533, 0.1633281363731132, 0.16346236760562372, 0.16353789116931158, 0.16358129892758724, 0.16360304890864752, 0.1636087178844948]
iters = [10, 20, 30, 40, 50, 60, 70, 80, 90, 100]
r50_mm = [-15.780069459261721, -15.767997141847406, -15.75307886033253, -15.745895765259577, -15.74191707529376, -15.739221151696299, -15.737128930537347, -15.735359449016526, -15.733762373942385, -15.73228004617554]

[timing_s]
recon = 11.696992
attenuation = 0.039873584

[reference]
dose_R80_mm = -5.583925305859627
activity_R50_crossing_mm = -16.45211098410399
activity_R50_fit_mm = -14.323083184884254

[sens]
cache = "/Users/jjgomezcadenas/Projects/CryspBrainSim/out/uniform_headep_sobp_1e8/closed/crysp_ring_1m_csi_2x0/sensitivity/grid64x64x96_1.5mm_orgm47.25_m47.25_m119.25_n1000000000"
n_sens = 1000000000
recocrysp_sha = "a6d900e9818aa27bda9bb2ef43ef21f54f1d5bb6"

[grid]
img_origin = [-47.25, -47.25, -119.25]
voxsize = [1.5, 1.5, 1.5]
n = [64, 64, 96]
