niter_plateau_check = 100
out_of_grid_frac = 0.0006003821243983175
n_events = 6056143
shard = 8
window_mm = [-36.45211098410399, -1.4521109841039888]
niter = 50
selection = "all-uncorrected"
roi_mm = 13.0

[final]
z0_err_mm = 0.16468570876815836
stability_spread_mm = 0.1037651128862862
w_mm = 9.411776801906722
r50_fit_mm = -15.567642952038923
r50_crossing_mm = -15.497474414110444

    [final.stability]
    "window_2.0mm" = -15.463877839152637
    "roi_15.0mm" = -15.65621572413665
    "roi_12.0mm" = -15.65853888728828
    "window_-2.0mm" = -15.494957622604433

[r50_vs_iter]
z0_err_mm = [0.16012617977383423, 0.15938487896943962, 0.1611801648874003, 0.16310001022360654, 0.16468570876815836, 0.16594164638601502, 0.16692668062170604, 0.16769953828042142, 0.16831029488114374, 0.16879729562210477]
iters = [10, 20, 30, 40, 50, 60, 70, 80, 90, 100]
r50_mm = [-15.606708516452557, -15.577373500336002, -15.565019091273228, -15.565133514453827, -15.567642952038923, -15.569841496281466, -15.571501913501447, -15.572720330284918, -15.57359302915916, -15.574186291421727]

[timing_s]
recon = 11.587695
attenuation = 0.039390583

[reference]
dose_R80_mm = -5.583925305859627
activity_R50_crossing_mm = -16.45211098410399
activity_R50_fit_mm = -14.323083184884254

[sens]
cache = "/Users/jjgomezcadenas/Projects/CryspBrainSim/out/uniform_headep_sobp_1e8/closed/crysp_ring_1m_csi_2x0/sensitivity/grid64x64x96_1.5mm_orgm47.25_m47.25_m119.25_n1000000000"
n_sens = 1000000000
recocrysp_sha = "a6d900e9818aa27bda9bb2ef43ef21f54f1d5bb6"

[grid]
img_origin = [-47.25, -47.25, -119.25]
voxsize = [1.5, 1.5, 1.5]
n = [64, 64, 96]
