niter_plateau_check = 100
out_of_grid_frac = 0.0006063107838118984
n_events = 6056300
shard = 3
window_mm = [-36.45211098410399, -1.4521109841039888]
niter = 50
selection = "all-uncorrected"
roi_mm = 13.0

[final]
z0_err_mm = 0.15663858202002265
stability_spread_mm = 0.2323720592740237
w_mm = 8.962268037655077
r50_fit_mm = -15.530947389207478
r50_crossing_mm = -15.632104842565143

    [final.stability]
    "window_2.0mm" = -15.408047865111664
    "roi_15.0mm" = -15.691293893381026
    "roi_12.0mm" = -15.720830975408353
    "window_-2.0mm" = -15.298575329933454

[r50_vs_iter]
z0_err_mm = [0.15952234426741413, 0.15656017102830092, 0.15626792014907884, 0.15647173782151985, 0.15663858202002265, 0.15671162690731003, 0.15671790882886533, 0.15668793155445881, 0.1566418421457523, 0.15659084714111735]
iters = [10, 20, 30, 40, 50, 60, 70, 80, 90, 100]
r50_mm = [-15.629076038754027, -15.597454176145845, -15.568899789267824, -15.547691555934792, -15.530947389207478, -15.518184759898535, -15.508815082885967, -15.502044043450313, -15.497141034445729, -15.493532978998646]

[timing_s]
recon = 11.653453959
attenuation = 0.040342083

[reference]
dose_R80_mm = -5.583925305859627
activity_R50_crossing_mm = -16.45211098410399
activity_R50_fit_mm = -14.323083184884254

[sens]
cache = "/Users/jjgomezcadenas/Projects/CryspBrainSim/out/uniform_headep_sobp_1e8/closed/crysp_ring_1m_csi_2x0/sensitivity/grid64x64x96_1.5mm_orgm47.25_m47.25_m119.25_n1000000000"
n_sens = 1000000000
recocrysp_sha = "a6d900e9818aa27bda9bb2ef43ef21f54f1d5bb6"

[grid]
img_origin = [-47.25, -47.25, -119.25]
voxsize = [1.5, 1.5, 1.5]
n = [64, 64, 96]
