niter_plateau_check = 100
out_of_grid_frac = 0.0005788079065787204
n_events = 6059005
shard = 5
window_mm = [-36.45211098410399, -1.4521109841039888]
niter = 50
selection = "all-uncorrected"
roi_mm = 13.0

[final]
z0_err_mm = 0.1571309414190374
stability_spread_mm = 0.18681522832729058
w_mm = 9.031841399691269
r50_fit_mm = -15.572608878214217
r50_crossing_mm = -16.287186680110135

    [final.stability]
    "window_2.0mm" = -15.571544232982289
    "roi_15.0mm" = -15.506067971910493
    "roi_12.0mm" = -15.598296921391583
    "window_-2.0mm" = -15.385793649886926

[r50_vs_iter]
z0_err_mm = [0.1595657176635369, 0.1567636974967193, 0.15659689908207505, 0.15686884711936674, 0.1571309414190374, 0.15735995872335676, 0.15756738337880438, 0.15775345975126537, 0.15791528829820492, 0.15805133759716924]
iters = [10, 20, 30, 40, 50, 60, 70, 80, 90, 100]
r50_mm = [-15.606885163031016, -15.586574312820327, -15.57493844442375, -15.572444376387214, -15.572608878214217, -15.573488721436496, -15.574716583467605, -15.576197340582475, -15.577819832458585, -15.579447397083229]

[timing_s]
recon = 11.689365916
attenuation = 0.03950475

[reference]
dose_R80_mm = -5.583925305859627
activity_R50_crossing_mm = -16.45211098410399
activity_R50_fit_mm = -14.323083184884254

[sens]
cache = "/Users/jjgomezcadenas/Projects/CryspBrainSim/out/uniform_headep_sobp_1e8/closed/crysp_ring_1m_csi_2x0/sensitivity/grid64x64x96_1.5mm_orgm47.25_m47.25_m119.25_n1000000000"
n_sens = 1000000000
recocrysp_sha = "a6d900e9818aa27bda9bb2ef43ef21f54f1d5bb6"

[grid]
img_origin = [-47.25, -47.25, -119.25]
voxsize = [1.5, 1.5, 1.5]
n = [64, 64, 96]
