niter_plateau_check = 100
out_of_grid_frac = 0.000581786503390772
n_events = 5252786
shard = 1
window_mm = [-36.45211098410399, -1.4521109841039888]
niter = 50
selection = "trues-only"
roi_mm = 13.0

[final]
z0_err_mm = 0.15290583005666766
stability_spread_mm = 0.22885779509375936
w_mm = 9.423278976819315
r50_fit_mm = -15.781953269928882
r50_crossing_mm = -15.835895827828917

    [final.stability]
    "window_2.0mm" = -15.652002759967653
    "roi_15.0mm" = -15.681144188632492
    "roi_12.0mm" = -15.63611455130294
    "window_-2.0mm" = -15.553095474835123

[r50_vs_iter]
z0_err_mm = [0.1515274189246288, 0.14969965202889596, 0.15072857123624137, 0.15192030062809514, 0.15290583005666766, 0.15369532852917106, 0.15433144118055742, 0.15484824387529705, 0.15527081402809678, 0.15561777071277919]
iters = [10, 20, 30, 40, 50, 60, 70, 80, 90, 100]
r50_mm = [-15.714213625003218, -15.724173566983348, -15.743577513447962, -15.765107599589275, -15.781953269928882, -15.79460542793049, -15.804243854061559, -15.811694805226741, -15.817535121879207, -15.82218393045476]

[timing_s]
recon = 11.001868542
attenuation = 0.038387916

[reference]
dose_R80_mm = -5.583925305859627
activity_R50_crossing_mm = -16.45211098410399
activity_R50_fit_mm = -14.323083184884254

[sens]
cache = "/Users/jjgomezcadenas/Projects/CryspBrainSim/out/uniform_headep_sobp_1e8/closed/crysp_ring_1m_csi_2x0/sensitivity/grid64x64x96_1.5mm_orgm47.25_m47.25_m119.25_n1000000000"
n_sens = 1000000000
recocrysp_sha = "a6d900e9818aa27bda9bb2ef43ef21f54f1d5bb6"

[grid]
img_origin = [-47.25, -47.25, -119.25]
voxsize = [1.5, 1.5, 1.5]
n = [64, 64, 96]
