niter_plateau_check = 100
out_of_grid_frac = 0.0005864720448325296
n_events = 6061670
shard = 1
window_mm = [-36.45211098410399, -1.4521109841039888]
niter = 50
selection = "all-uncorrected"
roi_mm = 13.0

[final]
z0_err_mm = 0.1682326985992029
stability_spread_mm = 0.3587582799033324
w_mm = 9.439106633517943
r50_fit_mm = -15.77841916136818
r50_crossing_mm = -15.720143131649543

    [final.stability]
    "window_2.0mm" = -15.643028878126136
    "roi_15.0mm" = -15.70751162612285
    "roi_12.0mm" = -15.643722372563193
    "window_-2.0mm" = -15.419660881464848

[r50_vs_iter]
z0_err_mm = [0.1661506585882513, 0.1646942021626612, 0.16570262467838548, 0.16703797741149531, 0.1682326985992029, 0.16924330872466234, 0.17008598733205957, 0.17078290781444092, 0.17135599340197066, 0.1718264546575917]
iters = [10, 20, 30, 40, 50, 60, 70, 80, 90, 100]
r50_mm = [-15.728742890813203, -15.739653806427734, -15.752559588175739, -15.767156287780747, -15.77841916136818, -15.786400939543755, -15.792145895304024, -15.796489071730461, -15.799933002334283, -15.80277315218949]

[timing_s]
recon = 11.683575042
attenuation = 0.039482125

[reference]
dose_R80_mm = -5.583925305859627
activity_R50_crossing_mm = -16.45211098410399
activity_R50_fit_mm = -14.323083184884254

[sens]
cache = "/Users/jjgomezcadenas/Projects/CryspBrainSim/out/uniform_headep_sobp_1e8/closed/crysp_ring_1m_csi_2x0/sensitivity/grid64x64x96_1.5mm_orgm47.25_m47.25_m119.25_n1000000000"
n_sens = 1000000000
recocrysp_sha = "a6d900e9818aa27bda9bb2ef43ef21f54f1d5bb6"

[grid]
img_origin = [-47.25, -47.25, -119.25]
voxsize = [1.5, 1.5, 1.5]
n = [64, 64, 96]
