niter_plateau_check = 100
out_of_grid_frac = 0.0005956352758019084
n_events = 6059077
shard = 9
window_mm = [-36.45211098410399, -1.4521109841039888]
niter = 50
selection = "all-uncorrected"
roi_mm = 13.0

[final]
z0_err_mm = 0.16173391759562422
stability_spread_mm = 0.16714084623360392
w_mm = 9.261394623503692
r50_fit_mm = -15.570763888906821
r50_crossing_mm = -16.277198668232018

    [final.stability]
    "window_2.0mm" = -15.665206072574453
    "roi_15.0mm" = -15.539171436696725
    "roi_12.0mm" = -15.72892727727861
    "window_-2.0mm" = -15.403623042673217

[r50_vs_iter]
z0_err_mm = [0.16130710192162023, 0.15976567936415023, 0.16036992463093022, 0.1611258746856657, 0.16173391759562422, 0.1622138094431979, 0.16260226757322696, 0.16292382542956457, 0.16319351879461286, 0.16342069971558865]
iters = [10, 20, 30, 40, 50, 60, 70, 80, 90, 100]
r50_mm = [-15.657302453205917, -15.61807767312388, -15.593343910777142, -15.579859148182319, -15.570763888906821, -15.564851852261633, -15.561533518074178, -15.560033998672457, -15.559649715035762, -15.559870065019547]

[timing_s]
recon = 12.304048917
attenuation = 0.039935625

[reference]
dose_R80_mm = -5.583925305859627
activity_R50_crossing_mm = -16.45211098410399
activity_R50_fit_mm = -14.323083184884254

[sens]
cache = "/Users/jjgomezcadenas/Projects/CryspBrainSim/out/uniform_headep_sobp_1e8/closed/crysp_ring_1m_csi_2x0/sensitivity/grid64x64x96_1.5mm_orgm47.25_m47.25_m119.25_n1000000000"
n_sens = 1000000000
recocrysp_sha = "a6d900e9818aa27bda9bb2ef43ef21f54f1d5bb6"

[grid]
img_origin = [-47.25, -47.25, -119.25]
voxsize = [1.5, 1.5, 1.5]
n = [64, 64, 96]
