niter_plateau_check = 100
out_of_grid_frac = 0.0005784079805831601
n_events = 5252348
shard = 6
window_mm = [-36.45211098410399, -1.4521109841039888]
niter = 50
selection = "trues-only"
roi_mm = 13.0

[final]
z0_err_mm = 0.14576001308453138
stability_spread_mm = 0.1544286792281877
w_mm = 9.154974185430339
r50_fit_mm = -15.332347578588669
r50_crossing_mm = -16.08743217814899

    [final.stability]
    "window_2.0mm" = -15.486776257816857
    "roi_15.0mm" = -15.478208207787535
    "roi_12.0mm" = -15.387771277810149
    "window_-2.0mm" = -15.20152345529214

[r50_vs_iter]
z0_err_mm = [0.149192632787089, 0.14546031059405104, 0.14514988587014577, 0.1454190667396028, 0.14576001308453138, 0.1460789803561004, 0.14635623448203877, 0.14658900035108302, 0.14678080166551946, 0.1469372738687119]
iters = [10, 20, 30, 40, 50, 60, 70, 80, 90, 100]
r50_mm = [-15.4887774904573, -15.42095760713973, -15.377338699582575, -15.350797415536722, -15.332347578588669, -15.318782540061267, -15.308628069985557, -15.300996515907661, -15.29528002504868, -15.291001962126]

[timing_s]
recon = 11.17581475
attenuation = 0.041711625

[reference]
dose_R80_mm = -5.583925305859627
activity_R50_crossing_mm = -16.45211098410399
activity_R50_fit_mm = -14.323083184884254

[sens]
cache = "/Users/jjgomezcadenas/Projects/CryspBrainSim/out/uniform_headep_sobp_1e8/closed/crysp_ring_1m_csi_2x0/sensitivity/grid64x64x96_1.5mm_orgm47.25_m47.25_m119.25_n1000000000"
n_sens = 1000000000
recocrysp_sha = "a6d900e9818aa27bda9bb2ef43ef21f54f1d5bb6"

[grid]
img_origin = [-47.25, -47.25, -119.25]
voxsize = [1.5, 1.5, 1.5]
n = [64, 64, 96]
