niter_plateau_check = 100
out_of_grid_frac = 0.0005857320751209641
n_events = 6057377
shard = 4
window_mm = [-36.45211098410399, -1.4521109841039888]
niter = 50
selection = "all-uncorrected"
roi_mm = 13.0

[final]
z0_err_mm = 0.16522328302413075
stability_spread_mm = 0.4403916809134838
w_mm = 9.175163895211114
r50_fit_mm = -15.878852339094097
r50_crossing_mm = -15.621050299043995

    [final.stability]
    "window_2.0mm" = -15.728049721199273
    "roi_15.0mm" = -15.65753503399692
    "roi_12.0mm" = -15.794746632488975
    "window_-2.0mm" = -15.438460658180613

[r50_vs_iter]
z0_err_mm = [0.16531998744766144, 0.16271242057115745, 0.16323697269485096, 0.16425491544769072, 0.16522328302413075, 0.1660769543315337, 0.16682199598869918, 0.1674709717562882, 0.16803497429883443, 0.16852356873973448]
iters = [10, 20, 30, 40, 50, 60, 70, 80, 90, 100]
r50_mm = [-15.717910724685192, -15.766716308149872, -15.80785808934235, -15.846239035205144, -15.878852339094097, -15.906242803331727, -15.929372298104317, -15.948953061129494, -15.96553871523752, -15.979591962515219]

[timing_s]
recon = 11.669807041
attenuation = 0.039465167

[reference]
dose_R80_mm = -5.583925305859627
activity_R50_crossing_mm = -16.45211098410399
activity_R50_fit_mm = -14.323083184884254

[sens]
cache = "/Users/jjgomezcadenas/Projects/CryspBrainSim/out/uniform_headep_sobp_1e8/closed/crysp_ring_1m_csi_2x0/sensitivity/grid64x64x96_1.5mm_orgm47.25_m47.25_m119.25_n1000000000"
n_sens = 1000000000
recocrysp_sha = "a6d900e9818aa27bda9bb2ef43ef21f54f1d5bb6"

[grid]
img_origin = [-47.25, -47.25, -119.25]
voxsize = [1.5, 1.5, 1.5]
n = [64, 64, 96]
