niter_plateau_check = 100
out_of_grid_frac = 0.0005881876752967843
n_events = 5250025
shard = 2
window_mm = [-36.45211098410399, -1.4521109841039888]
niter = 50
selection = "trues-only"
roi_mm = 13.0

[final]
z0_err_mm = 0.14776496910036377
stability_spread_mm = 0.2435089384331004
w_mm = 9.309035189780408
r50_fit_mm = -15.6762502446028
r50_crossing_mm = -16.743357499766383

    [final.stability]
    "window_2.0mm" = -15.650985471676327
    "roi_15.0mm" = -15.59245493177654
    "roi_12.0mm" = -15.843302718235668
    "window_-2.0mm" = -15.4327413061697

[r50_vs_iter]
z0_err_mm = [0.14973490750000482, 0.1472407102120015, 0.14731633866968605, 0.1475925398501347, 0.14776496910036377, 0.1478457062681632, 0.14786962124960096, 0.14786168373815434, 0.14783691795852974, 0.14780413698184422]
iters = [10, 20, 30, 40, 50, 60, 70, 80, 90, 100]
r50_mm = [-15.75007750099354, -15.726937479638579, -15.703104612825609, -15.687162958842357, -15.6762502446028, -15.668947274708131, -15.664074136405091, -15.660704557075173, -15.658207408732745, -15.656210582792886]

[timing_s]
recon = 11.422489541
attenuation = 0.038004541

[reference]
dose_R80_mm = -5.583925305859627
activity_R50_crossing_mm = -16.45211098410399
activity_R50_fit_mm = -14.323083184884254

[sens]
cache = "/Users/jjgomezcadenas/Projects/CryspBrainSim/out/uniform_headep_sobp_1e8/closed/crysp_ring_1m_csi_2x0/sensitivity/grid64x64x96_1.5mm_orgm47.25_m47.25_m119.25_n1000000000"
n_sens = 1000000000
recocrysp_sha = "a6d900e9818aa27bda9bb2ef43ef21f54f1d5bb6"

[grid]
img_origin = [-47.25, -47.25, -119.25]
voxsize = [1.5, 1.5, 1.5]
n = [64, 64, 96]
