niter_plateau_check = 100
out_of_grid_frac = 0.0005763750561899695
n_events = 6062025
shard = 6
window_mm = [-36.45211098410399, -1.4521109841039888]
niter = 50
selection = "all-uncorrected"
roi_mm = 13.0

[final]
z0_err_mm = 0.1608865795665771
stability_spread_mm = 0.17059845656177686
w_mm = 9.193319564907185
r50_fit_mm = -15.336959492627521
r50_crossing_mm = -16.08859509060467

    [final.stability]
    "window_2.0mm" = -15.507557949189298
    "roi_15.0mm" = -15.474552954466954
    "roi_12.0mm" = -15.421630911335788
    "window_-2.0mm" = -15.241737870353859

[r50_vs_iter]
z0_err_mm = [0.16371897016290038, 0.16028244082126245, 0.16000053333667222, 0.16038902821155399, 0.1608865795665771, 0.16138170110408287, 0.16183066186229456, 0.16221564886688464, 0.16253633682390306, 0.1628000101885832]
iters = [10, 20, 30, 40, 50, 60, 70, 80, 90, 100]
r50_mm = [-15.497303159725403, -15.426761063293517, -15.381421451026391, -15.355029829036196, -15.336959492627521, -15.32289683298113, -15.311643856843784, -15.302735800623724, -15.295755443803152, -15.290296179154883]

[timing_s]
recon = 11.649096791
attenuation = 0.039336167

[reference]
dose_R80_mm = -5.583925305859627
activity_R50_crossing_mm = -16.45211098410399
activity_R50_fit_mm = -14.323083184884254

[sens]
cache = "/Users/jjgomezcadenas/Projects/CryspBrainSim/out/uniform_headep_sobp_1e8/closed/crysp_ring_1m_csi_2x0/sensitivity/grid64x64x96_1.5mm_orgm47.25_m47.25_m119.25_n1000000000"
n_sens = 1000000000
recocrysp_sha = "a6d900e9818aa27bda9bb2ef43ef21f54f1d5bb6"

[grid]
img_origin = [-47.25, -47.25, -119.25]
voxsize = [1.5, 1.5, 1.5]
n = [64, 64, 96]
