niter_plateau_check = 100
out_of_grid_frac = 0.0005921823030993843
n_events = 6064011
shard = 7
window_mm = [-36.45211098410399, -1.4521109841039888]
niter = 50
selection = "all-uncorrected"
roi_mm = 13.0

[final]
z0_err_mm = 0.15627271904700593
stability_spread_mm = 0.2442680905836241
w_mm = 9.050270108325362
r50_fit_mm = -15.354831654273802
r50_crossing_mm = -16.113780936121138

    [final.stability]
    "window_2.0mm" = -15.417506218731011
    "roi_15.0mm" = -15.578493198663438
    "roi_12.0mm" = -15.456446553567124
    "window_-2.0mm" = -15.110563563690178

[r50_vs_iter]
z0_err_mm = [0.16017273992346837, 0.15670202689987878, 0.1561136255454976, 0.15614392495763033, 0.15627271904700593, 0.15641928822625792, 0.15657143506445992, 0.1567225236691535, 0.1568665588036255, 0.1569984975386198]
iters = [10, 20, 30, 40, 50, 60, 70, 80, 90, 100]
r50_mm = [-15.545575791646476, -15.462800740217116, -15.407177264637864, -15.37443042936808, -15.354831654273802, -15.342519108918408, -15.334342879003989, -15.328694797468495, -15.32470484854476, -15.321849504819001]

[timing_s]
recon = 11.622180584
attenuation = 0.048121541

[reference]
dose_R80_mm = -5.583925305859627
activity_R50_crossing_mm = -16.45211098410399
activity_R50_fit_mm = -14.323083184884254

[sens]
cache = "/Users/jjgomezcadenas/Projects/CryspBrainSim/out/uniform_headep_sobp_1e8/closed/crysp_ring_1m_csi_2x0/sensitivity/grid64x64x96_1.5mm_orgm47.25_m47.25_m119.25_n1000000000"
n_sens = 1000000000
recocrysp_sha = "a6d900e9818aa27bda9bb2ef43ef21f54f1d5bb6"

[grid]
img_origin = [-47.25, -47.25, -119.25]
voxsize = [1.5, 1.5, 1.5]
n = [64, 64, 96]
