niter_plateau_check = 100
out_of_grid_frac = 0.0006030436258117162
n_events = 5245060
shard = 8
window_mm = [-36.45211098410399, -1.4521109841039888]
niter = 50
selection = "trues-only"
roi_mm = 13.0

[final]
z0_err_mm = 0.147755578504232
stability_spread_mm = 0.10779604348565819
w_mm = 9.351703321686934
r50_fit_mm = -15.534818065491837
r50_crossing_mm = -15.491408379044785

    [final.stability]
    "window_2.0mm" = -15.42702202200618
    "roi_15.0mm" = -15.628719025264814
    "roi_12.0mm" = -15.63819304323072
    "window_-2.0mm" = -15.511885203493058

[r50_vs_iter]
z0_err_mm = [0.1445288093709406, 0.14326267476870164, 0.14485560713452397, 0.1464702693366816, 0.147755578504232, 0.1487631976317177, 0.14956024375105031, 0.15019610607857234, 0.1507067099978149, 0.15111923109456063]
iters = [10, 20, 30, 40, 50, 60, 70, 80, 90, 100]
r50_mm = [-15.583588494668438, -15.550644944776131, -15.535483410764511, -15.533125085703436, -15.534818065491837, -15.537426255416708, -15.539927132803049, -15.542071919001526, -15.543847916520589, -15.545318577246535]

[timing_s]
recon = 10.958855459
attenuation = 0.037590875

[reference]
dose_R80_mm = -5.583925305859627
activity_R50_crossing_mm = -16.45211098410399
activity_R50_fit_mm = -14.323083184884254

[sens]
cache = "/Users/jjgomezcadenas/Projects/CryspBrainSim/out/uniform_headep_sobp_1e8/closed/crysp_ring_1m_csi_2x0/sensitivity/grid64x64x96_1.5mm_orgm47.25_m47.25_m119.25_n1000000000"
n_sens = 1000000000
recocrysp_sha = "a6d900e9818aa27bda9bb2ef43ef21f54f1d5bb6"

[grid]
img_origin = [-47.25, -47.25, -119.25]
voxsize = [1.5, 1.5, 1.5]
n = [64, 64, 96]
