method = "exact per-species g_i keep on the pooled leaf"
generation = "v2"
crystal = "bgo_195k"
realizations = 100
dose_Gy = 1.0
sigma_band = 0.07106690545187015
scanner = "crysp_ring_1m_bgo_2x0"

[[point]]
nominal_R50_mean_mm = 11.350818883799128
inflation = 1.3388490878943797
nominal_sigma_R_mm = 0.11893803814228127
n_fail_nominal = 0
washout_survival = 0.4831141231068377
leaf = "del120s_ac300s_1Gy"
n_fail_washed = 0
t_del_s = 120.0
t2_s = 300.0
delta_R50_washout_mm = -0.014680586739450163
t_ac_s = 180.0
washed_sigma_R_mm = 0.15924008388274022
washed_R50_mean_mm = 11.336138297059678
