
[meta]
t_start_s = 180.0
shards = 10
roi = "whole-plane"
model = "erfc"
window_lo_mm = -36.452
window_hi_mm = -1.452

[dose_fit]
R50_mm = -3.5799725936146762

[origins]
R50_mm = [-16.085036840063324, -16.322094828166808, -16.238339830697942, -16.258033332824873, -16.19524384837426, -16.267815151578546, -16.25548910149299, -16.32614388011616, -16.288232190300235, -16.168822119572088]
w_mm = [12.10337561072501, 11.87866595962819, 11.529182407981658, 11.967118028969388, 11.975814759004876, 11.807959860452842, 12.222954439214558, 11.684100816799413, 11.870484454448043, 11.607796893608613]
delta_R50_mean_mm = -12.660552518704046
delta_R50_std_mm = 0.07371751829358708
w_mean_mm = 11.864745323083259

[trues]
R50_mm = [-16.338368537541523, -16.65099824199445, -16.419431734739504, -16.38194490403974, -16.44216369884364, -16.33940003929963, -16.37368601209651, -16.473135081318592, -16.472061288605303, -16.39000221140603]
w_mm = [11.417717782817029, 11.775369163273371, 11.94872710184226, 11.16146431192083, 11.691836368319091, 11.306170296109798, 11.61994155746039, 11.359934374610404, 11.240228974544499, 11.42946679037971]
delta_R50_mean_mm = -12.848146581373815
delta_R50_std_mm = 0.09212270641921841
w_mean_mm = 11.495085672127738

[all_ev]
R50_mm = [-16.240824221049277, -16.611261291129246, -16.45263742281908, -16.318898425312835, -16.273848586278895, -16.430454499112706, -16.30207009999096, -16.45377810437858, -16.454822376379504, -16.34925690636114]
w_mm = [11.557965620304884, 12.043664959584143, 11.853184609529018, 11.52025757929768, 11.705447903743346, 11.125932086657128, 12.00238899707956, 11.370672941833547, 11.364282721322025, 11.80487754649572]
delta_R50_mean_mm = -12.808812599666544
delta_R50_std_mm = 0.11203326220609347
w_mean_mm = 11.634867496584704
