
[meta]
t_start_s = 300.0
shards = 10
roi = "whole-plane"
model = "erfc"
window_lo_mm = -36.452
window_hi_mm = -1.452

[dose_fit]
R50_mm = -3.5799725936146762

[origins]
R50_mm = [-17.52344604521047, -17.79033987022146, -17.68727540012355, -17.779563207816626, -17.741479835219838, -17.74238532807582, -17.891697244768217, -17.705157855381003, -17.823117109619854, -17.692031416125303]
w_mm = [12.46182463537681, 12.138013203114234, 11.835973513559507, 12.25272843304179, 12.325253872411519, 11.942166578816867, 12.460468158379307, 11.942530037587447, 12.25886732633434, 11.846313556968527]
delta_R50_mean_mm = -14.157676737641534
delta_R50_std_mm = 0.0984112347036498
w_mean_mm = 12.146413931559035

[trues]
R50_mm = [-17.607146314721476, -18.139403984921984, -17.982995288140195, -17.830261464524146, -18.053238613177673, -17.640165439939967, -17.776977740669707, -17.71337548370861, -17.824461718753476, -17.76817175081628]
w_mm = [11.564917401357958, 12.014347595406196, 11.896190946181806, 11.458952717613949, 12.43731092264033, 11.12442959767481, 11.597374000623617, 11.372436861501283, 11.60812544245978, 11.294750803839236]
delta_R50_mean_mm = -14.253647186322675
delta_R50_std_mm = 0.1747410372091383
w_mean_mm = 11.636883628929898

[all_ev]
R50_mm = [-17.404947020651868, -18.24945127971896, -18.034187553359683, -17.79477848418118, -17.82905439455625, -17.585996510560484, -17.679722437487637, -17.697229590164394, -17.71583865728791, -17.788642964167373]
w_mm = [11.478985487241273, 12.372140819467765, 11.814918636436069, 11.42239846376352, 12.615184097978494, 11.049540634058, 11.69775933824168, 11.19657871615306, 11.739518838381901, 11.593433022588492]
delta_R50_mean_mm = -14.198012295598897
delta_R50_std_mm = 0.23261316172433397
w_mean_mm = 11.698045805431025
