
[meta]
t_start_s = 60.0
shards = 10
roi = "whole-plane"
model = "erfc"
window_lo_mm = -36.452
window_hi_mm = -1.452

[dose_fit]
R50_mm = -3.5799725936146762

[origins]
R50_mm = [-14.882510747336978, -15.021065531939366, -15.01346655900108, -15.007210031572143, -14.958749992313086, -15.014658006585503, -15.007129587037335, -15.051425177497025, -14.943520575689702, -15.005809532401633]
w_mm = [11.503591381205513, 11.487732341574986, 11.138930993693112, 11.326183709245274, 11.397528000687904, 11.271209335518986, 11.792697717305966, 11.173428796877438, 11.419121977401879, 11.117919069983573]
delta_R50_mean_mm = -11.410581980522709
delta_R50_std_mm = 0.04878994593247661
w_mean_mm = 11.362834332349461

[trues]
R50_mm = [-15.220278865342655, -15.464821308977017, -15.247221164241815, -15.214844253821788, -15.308506703520417, -15.088858897218367, -15.15250155145471, -15.289408554985117, -15.209785250288672, -15.221835494219683]
w_mm = [10.73903826217299, 11.102570059620108, 10.95450632516034, 10.733485259938098, 10.895323653883977, 10.620498770102094, 11.203509740260536, 11.006547272888149, 10.982309657697396, 10.618584285148852]
delta_R50_mean_mm = -11.661833610792346
delta_R50_std_mm = 0.10025674968061692
w_mean_mm = 10.885637328687256

[all_ev]
R50_mm = [-15.110643995997908, -15.326642421869686, -15.23132687643912, -15.189899438160932, -15.16066901583902, -15.189742541054743, -15.185207336719358, -15.214326493609063, -15.249375926555224, -15.191113474776099]
w_mm = [10.942414603644776, 11.272959136776734, 11.007405565556843, 10.856401768233015, 10.928731482608534, 10.607692693489932, 11.287124433327286, 11.181880953143803, 10.991174272382725, 10.868454314839928]
delta_R50_mean_mm = -11.624922158487438
delta_R50_std_mm = 0.05721283127510066
w_mean_mm = 10.994423922400356
