
[meta]
t_start_s = 120.0
shards = 10
roi = "whole-plane"
model = "erfc"
window_lo_mm = -36.452
window_hi_mm = -1.452

[dose_fit]
R50_mm = -3.5799725936146762

[origins]
R50_mm = [-15.39908880534657, -15.573704695360933, -15.602357944740202, -15.60105623979152, -15.481221140849964, -15.586773882434196, -15.593979721306802, -15.591596538856521, -15.565514910640859, -15.526057495329287]
w_mm = [11.839093851567494, 11.70559823575344, 11.284839537539357, 11.736750656303151, 11.575919817120974, 11.555132850056548, 12.012967989292997, 11.435942324980946, 11.683976689044636, 11.391658797390653]
delta_R50_mean_mm = -11.97216254385101
delta_R50_std_mm = 0.06599654952378171
w_mean_mm = 11.62218807490502

[trues]
R50_mm = [-15.68687880498185, -15.939951128496224, -15.771877101644932, -15.811204293479271, -15.78489400523384, -15.685025769698775, -15.663778423413296, -15.760887302685733, -15.826113286892085, -15.707721246488079]
w_mm = [11.041277697866667, 11.341613564634953, 11.4699935930653, 10.972538908694938, 11.206263532607075, 10.79325117345812, 11.384952250699259, 11.127213251497626, 11.0104347100039, 11.012815150209441]
delta_R50_mean_mm = -12.183860542686734
delta_R50_std_mm = 0.08363239289245135
w_mean_mm = 11.136035383273727

[all_ev]
R50_mm = [-15.612553220518091, -15.86862174810786, -15.753940417031545, -15.811800578960053, -15.634292660736094, -15.81702460291045, -15.667062425439706, -15.70509503092173, -15.856532863335316, -15.743132005756252]
w_mm = [11.221028038198815, 11.459372984913065, 11.411222790482274, 11.078563181000822, 11.221021730881438, 10.657216721081815, 11.460322151642279, 11.208027869265544, 11.01426746582864, 11.29536535531997]
delta_R50_mean_mm = -12.167032961757034
delta_R50_std_mm = 0.09121398002379343
w_mean_mm = 11.202640828861465
