niter_plateau_check = 100
out_of_grid_frac = 0.0005867562746396397
n_events = 11033542
shard = 7
window_mm = [-36.45211098410399, -1.4521109841039888]
niter = 50
selection = "trues-only"
roi_mm = 13.0

[final]
z0_err_mm = 0.1465314454869258
stability_spread_mm = 0.29836732002515554
w_mm = 9.151025873702766
r50_fit_mm = -15.619820141432964
r50_crossing_mm = -15.806480789173769

    [final.stability]
    "window_2.0mm" = -15.507919803703178
    "roi_15.0mm" = -15.426380139089655
    "roi_12.0mm" = -15.759248699723173
    "window_-2.0mm" = -15.321452821407808

[r50_vs_iter]
z0_err_mm = [0.1502346324524684, 0.14651448502066164, 0.14616729908456344, 0.14633043665921877, 0.1465314454869258, 0.14670529998017262, 0.14684637828418923, 0.14695781934767907, 0.14704506116626204, 0.14711280611758315]
iters = [10, 20, 30, 40, 50, 60, 70, 80, 90, 100]
r50_mm = [-15.61491149444368, -15.621483914395522, -15.619921089687653, -15.620034904890186, -15.619820141432964, -15.619220908185293, -15.618332503402621, -15.617200008549432, -15.615898864034978, -15.614499850603341]

[timing_s]
recon = 21.168340834
attenuation = 0.054999

[reference]
dose_R80_mm = -5.583925305859627
activity_R50_crossing_mm = -16.45211098410399
activity_R50_fit_mm = -14.323083184884254

[sens]
cache = "/Users/jjgomezcadenas/Projects/CryspBrainSim/out/uniform_headep_sobp_1e8/closed/crysp_ring_1m_bgo_2x0/sensitivity/grid64x64x96_1.5mm_orgm47.25_m47.25_m119.25_n1000000000"
n_sens = 1000000000
recocrysp_sha = "a6d900e9818aa27bda9bb2ef43ef21f54f1d5bb6"

[grid]
img_origin = [-47.25, -47.25, -119.25]
voxsize = [1.5, 1.5, 1.5]
n = [64, 64, 96]
