niter_plateau_check = 100
out_of_grid_frac = 0.0005799951814574616
n_events = 15253575
shard = 0
window_mm = [-36.45211098410399, -1.4521109841039888]
niter = 50
selection = "all-uncorrected"
roi_mm = 13.0

[final]
z0_err_mm = 0.1777048457995055
stability_spread_mm = 0.20680349485264493
w_mm = 9.301543990612286
r50_fit_mm = -15.614617448945468
r50_crossing_mm = -16.076861191298605

    [final.stability]
    "window_2.0mm" = -15.520418823570797
    "roi_15.0mm" = -15.542937823293434
    "roi_12.0mm" = -15.821420943798113
    "window_-2.0mm" = -15.474827424833476

[r50_vs_iter]
z0_err_mm = [0.17834318757455103, 0.17577069195108186, 0.17612547597627257, 0.17696758925584752, 0.1777048457995055, 0.1782701814603499, 0.17869011136349505, 0.17900146732220842, 0.17923351295034884, 0.17940837521437944]
iters = [10, 20, 30, 40, 50, 60, 70, 80, 90, 100]
r50_mm = [-15.674326910212868, -15.644608824314536, -15.626127584409751, -15.61839395015374, -15.614617448945468, -15.612225416997713, -15.61034649071447, -15.608717983349862, -15.607238619740338, -15.605868116762947]

[timing_s]
recon = 23.878465334
attenuation = 0.055364875

[reference]
dose_R80_mm = -5.583925305859627
activity_R50_crossing_mm = -16.45211098410399
activity_R50_fit_mm = -14.323083184884254

[sens]
cache = "/Users/jjgomezcadenas/Projects/CryspBrainSim/out/uniform_headep_sobp_1e8/closed/crysp_ring_1m_bgo_2x0/sensitivity/grid64x64x96_1.5mm_orgm47.25_m47.25_m119.25_n1000000000"
n_sens = 1000000000
recocrysp_sha = "a6d900e9818aa27bda9bb2ef43ef21f54f1d5bb6"

[grid]
img_origin = [-47.25, -47.25, -119.25]
voxsize = [1.5, 1.5, 1.5]
n = [64, 64, 96]
