niter_plateau_check = 100
out_of_grid_frac = 0.0005983817038810221
n_events = 11029749
shard = 2
window_mm = [-36.45211098410399, -1.4521109841039888]
niter = 50
selection = "trues-only"
roi_mm = 13.0

[final]
z0_err_mm = 0.14411076520500438
stability_spread_mm = 0.24806132534789782
w_mm = 9.03064336079576
r50_fit_mm = -15.418703759374244
r50_crossing_mm = -15.685768747701955

    [final.stability]
    "window_2.0mm" = -15.385841274718164
    "roi_15.0mm" = -15.492449805060334
    "roi_12.0mm" = -15.574357718686619
    "window_-2.0mm" = -15.170642434026346

[r50_vs_iter]
z0_err_mm = [0.14784710336343618, 0.14393716850411664, 0.1435842986754686, 0.14381542636530856, 0.14411076520500438, 0.14438596117376987, 0.14463135411308975, 0.14485137712062882, 0.14505024304497982, 0.14523136290885028]
iters = [10, 20, 30, 40, 50, 60, 70, 80, 90, 100]
r50_mm = [-15.529325471882967, -15.476336365075461, -15.44401581559706, -15.427662215790228, -15.418703759374244, -15.413659357086221, -15.410792783253862, -15.409161419833346, -15.408206160953265, -15.407630642878775]

[timing_s]
recon = 21.124999583
attenuation = 0.04346825

[reference]
dose_R80_mm = -5.583925305859627
activity_R50_crossing_mm = -16.45211098410399
activity_R50_fit_mm = -14.323083184884254

[sens]
cache = "/Users/jjgomezcadenas/Projects/CryspBrainSim/out/uniform_headep_sobp_1e8/closed/crysp_ring_1m_bgo_2x0/sensitivity/grid64x64x96_1.5mm_orgm47.25_m47.25_m119.25_n1000000000"
n_sens = 1000000000
recocrysp_sha = "a6d900e9818aa27bda9bb2ef43ef21f54f1d5bb6"

[grid]
img_origin = [-47.25, -47.25, -119.25]
voxsize = [1.5, 1.5, 1.5]
n = [64, 64, 96]
