niter_plateau_check = 100
out_of_grid_frac = 0.0005881701235537486
n_events = 15254090
shard = 7
window_mm = [-36.45211098410399, -1.4521109841039888]
niter = 50
selection = "all-uncorrected"
roi_mm = 13.0

[final]
z0_err_mm = 0.17945262686964736
stability_spread_mm = 0.3207247168822054
w_mm = 9.309836964225047
r50_fit_mm = -15.58848956860991
r50_crossing_mm = -15.852114150308726

    [final.stability]
    "window_2.0mm" = -15.517520946215564
    "roi_15.0mm" = -15.43302931269519
    "roi_12.0mm" = -15.715473739349314
    "window_-2.0mm" = -15.267764851727705

[r50_vs_iter]
z0_err_mm = [0.1819103570527745, 0.17858494054525936, 0.17838502751820692, 0.17888317560041822, 0.17945262686964736, 0.17996056712520517, 0.18038184830242587, 0.18072220395086752, 0.18099503508011333, 0.18121351735646835]
iters = [10, 20, 30, 40, 50, 60, 70, 80, 90, 100]
r50_mm = [-15.618813478341476, -15.615539579695424, -15.603004201961337, -15.594576859798153, -15.58848956860991, -15.583876650293297, -15.580159045482477, -15.57692481801459, -15.573954304351638, -15.571161623987779]

[timing_s]
recon = 23.432311958
attenuation = 0.06187875

[reference]
dose_R80_mm = -5.583925305859627
activity_R50_crossing_mm = -16.45211098410399
activity_R50_fit_mm = -14.323083184884254

[sens]
cache = "/Users/jjgomezcadenas/Projects/CryspBrainSim/out/uniform_headep_sobp_1e8/closed/crysp_ring_1m_bgo_2x0/sensitivity/grid64x64x96_1.5mm_orgm47.25_m47.25_m119.25_n1000000000"
n_sens = 1000000000
recocrysp_sha = "a6d900e9818aa27bda9bb2ef43ef21f54f1d5bb6"

[grid]
img_origin = [-47.25, -47.25, -119.25]
voxsize = [1.5, 1.5, 1.5]
n = [64, 64, 96]
