niter_plateau_check = 100
out_of_grid_frac = 0.0005919817578697713
n_events = 11042570
shard = 6
window_mm = [-36.45211098410399, -1.4521109841039888]
niter = 50
selection = "trues-only"
roi_mm = 13.0

[final]
z0_err_mm = 0.1499032134051112
stability_spread_mm = 0.2863189253927221
w_mm = 9.341781297972378
r50_fit_mm = -15.577433537281106
r50_crossing_mm = -16.028352846909986

    [final.stability]
    "window_2.0mm" = -15.505137701356544
    "roi_15.0mm" = -15.492041186371736
    "roi_12.0mm" = -15.751276269490146
    "window_-2.0mm" = -15.291114611888384

[r50_vs_iter]
z0_err_mm = [0.15210994596470717, 0.14902823641558083, 0.14909310190412822, 0.14952643770395624, 0.1499032134051112, 0.15019675440632804, 0.15042921286523356, 0.15062109363791498, 0.15078534826634887, 0.15093005460545525]
iters = [10, 20, 30, 40, 50, 60, 70, 80, 90, 100]
r50_mm = [-15.6024029109287, -15.583401095702339, -15.573487285174487, -15.573445930289566, -15.577433537281106, -15.5830221208159, -15.588881497298066, -15.594331263353844, -15.599100297699806, -15.603157878167467]

[timing_s]
recon = 21.102937875
attenuation = 0.045255375

[reference]
dose_R80_mm = -5.583925305859627
activity_R50_crossing_mm = -16.45211098410399
activity_R50_fit_mm = -14.323083184884254

[sens]
cache = "/Users/jjgomezcadenas/Projects/CryspBrainSim/out/uniform_headep_sobp_1e8/closed/crysp_ring_1m_bgo_2x0/sensitivity/grid64x64x96_1.5mm_orgm47.25_m47.25_m119.25_n1000000000"
n_sens = 1000000000
recocrysp_sha = "a6d900e9818aa27bda9bb2ef43ef21f54f1d5bb6"

[grid]
img_origin = [-47.25, -47.25, -119.25]
voxsize = [1.5, 1.5, 1.5]
n = [64, 64, 96]
