niter_plateau_check = 100
out_of_grid_frac = 0.0005762286559264904
n_events = 15245684
shard = 1
window_mm = [-36.45211098410399, -1.4521109841039888]
niter = 50
selection = "all-uncorrected"
roi_mm = 13.0

[final]
z0_err_mm = 0.1700547438656028
stability_spread_mm = 0.21747254347443778
w_mm = 8.95488215488719
r50_fit_mm = -15.417952351280633
r50_crossing_mm = -15.721603145174566

    [final.stability]
    "window_2.0mm" = -15.332143419768164
    "roi_15.0mm" = -15.483214020119753
    "roi_12.0mm" = -15.592179103102739
    "window_-2.0mm" = -15.200479807806195

[r50_vs_iter]
z0_err_mm = [0.1731190728466668, 0.16976361012598393, 0.16949536112723734, 0.1697755400078249, 0.1700547438656028, 0.170262816083704, 0.17040957874952198, 0.1705150352382966, 0.17059285236686403, 0.17065349889085352]
iters = [10, 20, 30, 40, 50, 60, 70, 80, 90, 100]
r50_mm = [-15.49590178766268, -15.455614469869783, -15.432434040826742, -15.422320759259197, -15.417952351280633, -15.41636262703427, -15.416183615093264, -15.4166843531219, -15.417417808459556, -15.418168094553124]

[timing_s]
recon = 25.062197791
attenuation = 0.056699041

[reference]
dose_R80_mm = -5.583925305859627
activity_R50_crossing_mm = -16.45211098410399
activity_R50_fit_mm = -14.323083184884254

[sens]
cache = "/Users/jjgomezcadenas/Projects/CryspBrainSim/out/uniform_headep_sobp_1e8/closed/crysp_ring_1m_bgo_2x0/sensitivity/grid64x64x96_1.5mm_orgm47.25_m47.25_m119.25_n1000000000"
n_sens = 1000000000
recocrysp_sha = "a6d900e9818aa27bda9bb2ef43ef21f54f1d5bb6"

[grid]
img_origin = [-47.25, -47.25, -119.25]
voxsize = [1.5, 1.5, 1.5]
n = [64, 64, 96]
