niter_plateau_check = 100
out_of_grid_frac = 0.0006079076929907582
n_events = 11036215
shard = 8
window_mm = [-36.45211098410399, -1.4521109841039888]
niter = 50
selection = "trues-only"
roi_mm = 13.0

[final]
z0_err_mm = 0.14254057183872218
stability_spread_mm = 0.3503498585093645
w_mm = 8.875642382376741
r50_fit_mm = -15.552420957238207
r50_crossing_mm = -16.17570307099245

    [final.stability]
    "window_2.0mm" = -15.494104184387094
    "roi_15.0mm" = -15.451994733618497
    "roi_12.0mm" = -15.59795267079165
    "window_-2.0mm" = -15.202071098728842

[r50_vs_iter]
z0_err_mm = [0.14743551746328828, 0.1433456756357874, 0.14262592171094873, 0.1425109035097494, 0.14254057183872218, 0.1426241608457356, 0.1427315567157994, 0.14284898075431157, 0.14296765102556377, 0.14308185989549999]
iters = [10, 20, 30, 40, 50, 60, 70, 80, 90, 100]
r50_mm = [-15.575416527154763, -15.557389574045137, -15.550254878672291, -15.550573808826055, -15.552420957238207, -15.554820494733464, -15.557505189361857, -15.560279306567288, -15.562990942789831, -15.56556200368502]

[timing_s]
recon = 20.552817209
attenuation = 0.052606208

[reference]
dose_R80_mm = -5.583925305859627
activity_R50_crossing_mm = -16.45211098410399
activity_R50_fit_mm = -14.323083184884254

[sens]
cache = "/Users/jjgomezcadenas/Projects/CryspBrainSim/out/uniform_headep_sobp_1e8/closed/crysp_ring_1m_bgo_2x0/sensitivity/grid64x64x96_1.5mm_orgm47.25_m47.25_m119.25_n1000000000"
n_sens = 1000000000
recocrysp_sha = "a6d900e9818aa27bda9bb2ef43ef21f54f1d5bb6"

[grid]
img_origin = [-47.25, -47.25, -119.25]
voxsize = [1.5, 1.5, 1.5]
n = [64, 64, 96]
