niter_plateau_check = 100
out_of_grid_frac = 0.0005927932040635784
n_events = 11035889
shard = 9
window_mm = [-36.45211098410399, -1.4521109841039888]
niter = 50
selection = "trues-only"
roi_mm = 13.0

[final]
z0_err_mm = 0.14801519126640092
stability_spread_mm = 0.4087854480161539
w_mm = 9.274957369055695
r50_fit_mm = -15.536613994573234
r50_crossing_mm = -15.548058145354965

    [final.stability]
    "window_2.0mm" = -15.475604852151
    "roi_15.0mm" = -15.389024847477119
    "roi_12.0mm" = -15.657618459899883
    "window_-2.0mm" = -15.12782854655708

[r50_vs_iter]
z0_err_mm = [0.15009258983892626, 0.14679339447288609, 0.14694517808855442, 0.14752276629542788, 0.14801519126640092, 0.1483840646976566, 0.14865928548507115, 0.14886954495911908, 0.14903365525505902, 0.14916447019848586]
iters = [10, 20, 30, 40, 50, 60, 70, 80, 90, 100]
r50_mm = [-15.543741844855159, -15.533030501895531, -15.528528419541109, -15.531500676370344, -15.536613994573234, -15.542043592764147, -15.547009121368593, -15.551223417744124, -15.554640939245528, -15.55733362675943]

[timing_s]
recon = 20.586313541
attenuation = 0.048802416

[reference]
dose_R80_mm = -5.583925305859627
activity_R50_crossing_mm = -16.45211098410399
activity_R50_fit_mm = -14.323083184884254

[sens]
cache = "/Users/jjgomezcadenas/Projects/CryspBrainSim/out/uniform_headep_sobp_1e8/closed/crysp_ring_1m_bgo_2x0/sensitivity/grid64x64x96_1.5mm_orgm47.25_m47.25_m119.25_n1000000000"
n_sens = 1000000000
recocrysp_sha = "a6d900e9818aa27bda9bb2ef43ef21f54f1d5bb6"

[grid]
img_origin = [-47.25, -47.25, -119.25]
voxsize = [1.5, 1.5, 1.5]
n = [64, 64, 96]
