niter_plateau_check = 100
out_of_grid_frac = 0.0006011591554769336
n_events = 15253864
shard = 8
window_mm = [-36.45211098410399, -1.4521109841039888]
niter = 50
selection = "all-uncorrected"
roi_mm = 13.0

[final]
z0_err_mm = 0.17281597517331468
stability_spread_mm = 0.34118636138464353
w_mm = 8.977102312369066
r50_fit_mm = -15.534829005442637
r50_crossing_mm = -16.24623802559124

    [final.stability]
    "window_2.0mm" = -15.507190683003882
    "roi_15.0mm" = -15.44436360870268
    "roi_12.0mm" = -15.563568155510714
    "window_-2.0mm" = -15.193642644057993

[r50_vs_iter]
z0_err_mm = [0.17804235545491376, 0.17390388187155537, 0.17298616741700307, 0.17281724647769584, 0.17281597517331468, 0.17287956950317662, 0.17297859817624972, 0.17309663884722862, 0.17322257076735506, 0.1733482711174363]
iters = [10, 20, 30, 40, 50, 60, 70, 80, 90, 100]
r50_mm = [-15.574760136041522, -15.547718260779273, -15.533461197779102, -15.53178586264685, -15.534829005442637, -15.539350332339698, -15.54413320670647, -15.548680179930194, -15.552806996913285, -15.556451679834845]

[timing_s]
recon = 22.409478625
attenuation = 0.052971958

[reference]
dose_R80_mm = -5.583925305859627
activity_R50_crossing_mm = -16.45211098410399
activity_R50_fit_mm = -14.323083184884254

[sens]
cache = "/Users/jjgomezcadenas/Projects/CryspBrainSim/out/uniform_headep_sobp_1e8/closed/crysp_ring_1m_bgo_2x0/sensitivity/grid64x64x96_1.5mm_orgm47.25_m47.25_m119.25_n1000000000"
n_sens = 1000000000
recocrysp_sha = "a6d900e9818aa27bda9bb2ef43ef21f54f1d5bb6"

[grid]
img_origin = [-47.25, -47.25, -119.25]
voxsize = [1.5, 1.5, 1.5]
n = [64, 64, 96]
