niter_plateau_check = 100
out_of_grid_frac = 0.0005967366505420992
n_events = 15249608
shard = 3
window_mm = [-36.45211098410399, -1.4521109841039888]
niter = 50
selection = "all-uncorrected"
roi_mm = 13.0

[final]
z0_err_mm = 0.18022232318645565
stability_spread_mm = 0.2306910650628975
w_mm = 9.333266478999713
r50_fit_mm = -15.58223627150229
r50_crossing_mm = -15.625969030458934

    [final.stability]
    "window_2.0mm" = -15.45466107830289
    "roi_15.0mm" = -15.49624915944529
    "roi_12.0mm" = -15.722465424517745
    "window_-2.0mm" = -15.351545206439393

[r50_vs_iter]
z0_err_mm = [0.18066912759069823, 0.1779906396797525, 0.1783955298303293, 0.1793433459008773, 0.18022232318645565, 0.18094427652233533, 0.18151704490351467, 0.18196578326855342, 0.18231646656164674, 0.1825898449822325]
iters = [10, 20, 30, 40, 50, 60, 70, 80, 90, 100]
r50_mm = [-15.59503359769243, -15.576146581517294, -15.570816761671844, -15.575802740981626, -15.58223627150229, -15.587385443382711, -15.59096899458192, -15.593342696480704, -15.594880555661918, -15.595834590487364]

[timing_s]
recon = 23.63670025
attenuation = 0.057148375

[reference]
dose_R80_mm = -5.583925305859627
activity_R50_crossing_mm = -16.45211098410399
activity_R50_fit_mm = -14.323083184884254

[sens]
cache = "/Users/jjgomezcadenas/Projects/CryspBrainSim/out/uniform_headep_sobp_1e8/closed/crysp_ring_1m_bgo_2x0/sensitivity/grid64x64x96_1.5mm_orgm47.25_m47.25_m119.25_n1000000000"
n_sens = 1000000000
recocrysp_sha = "a6d900e9818aa27bda9bb2ef43ef21f54f1d5bb6"

[grid]
img_origin = [-47.25, -47.25, -119.25]
voxsize = [1.5, 1.5, 1.5]
n = [64, 64, 96]
