niter_plateau_check = 100
out_of_grid_frac = 0.0005952244973589292
n_events = 11031132
shard = 3
window_mm = [-36.45211098410399, -1.4521109841039888]
niter = 50
selection = "trues-only"
roi_mm = 13.0

[final]
z0_err_mm = 0.14907763054256948
stability_spread_mm = 0.3236912193054309
w_mm = 9.290701776186232
r50_fit_mm = -15.576693142015523
r50_crossing_mm = -15.598175194766561

    [final.stability]
    "window_2.0mm" = -15.422066433947096
    "roi_15.0mm" = -15.472581477775345
    "roi_12.0mm" = -15.700186211888209
    "window_-2.0mm" = -15.253001922710093

[r50_vs_iter]
z0_err_mm = [0.14986936072552962, 0.14702715061736807, 0.14750891636629873, 0.1483502187097034, 0.14907763054256948, 0.14965172782722855, 0.15009585279871496, 0.15043926470397126, 0.15070694313802793, 0.15091758235382777]
iters = [10, 20, 30, 40, 50, 60, 70, 80, 90, 100]
r50_mm = [-15.574547538083724, -15.558515630695965, -15.558416737946745, -15.567379390364593, -15.576693142015523, -15.584287919196713, -15.59001242273547, -15.594165340681604, -15.597088849501729, -15.599070980551142]

[timing_s]
recon = 20.959769083
attenuation = 0.051060834

[reference]
dose_R80_mm = -5.583925305859627
activity_R50_crossing_mm = -16.45211098410399
activity_R50_fit_mm = -14.323083184884254

[sens]
cache = "/Users/jjgomezcadenas/Projects/CryspBrainSim/out/uniform_headep_sobp_1e8/closed/crysp_ring_1m_bgo_2x0/sensitivity/grid64x64x96_1.5mm_orgm47.25_m47.25_m119.25_n1000000000"
n_sens = 1000000000
recocrysp_sha = "a6d900e9818aa27bda9bb2ef43ef21f54f1d5bb6"

[grid]
img_origin = [-47.25, -47.25, -119.25]
voxsize = [1.5, 1.5, 1.5]
n = [64, 64, 96]
