niter_plateau_check = 100
out_of_grid_frac = 0.0005886921942705215
n_events = 15257549
shard = 9
window_mm = [-36.45211098410399, -1.4521109841039888]
niter = 50
selection = "all-uncorrected"
roi_mm = 13.0

[final]
z0_err_mm = 0.18075612763898888
stability_spread_mm = 0.3399090899352437
w_mm = 9.37218490476987
r50_fit_mm = -15.555397882406668
r50_crossing_mm = -15.607143755599958

    [final.stability]
    "window_2.0mm" = -15.490175728853389
    "roi_15.0mm" = -15.427876656814284
    "roi_12.0mm" = -15.622604089197921
    "window_-2.0mm" = -15.215488792471424

[r50_vs_iter]
z0_err_mm = [0.18206448981235887, 0.17926764977535123, 0.17946577711333309, 0.18015638408808726, 0.18075612763898888, 0.1812110980843812, 0.18155040895320682, 0.18180503505710796, 0.18199634811918944, 0.18214025502203818]
iters = [10, 20, 30, 40, 50, 60, 70, 80, 90, 100]
r50_mm = [-15.558275133731488, -15.546006404210123, -15.542345716560844, -15.547671328446267, -15.555397882406668, -15.562862488985337, -15.569172609558814, -15.57423051951913, -15.578210358805752, -15.581326804322298]

[timing_s]
recon = 23.754974625
attenuation = 0.057847542

[reference]
dose_R80_mm = -5.583925305859627
activity_R50_crossing_mm = -16.45211098410399
activity_R50_fit_mm = -14.323083184884254

[sens]
cache = "/Users/jjgomezcadenas/Projects/CryspBrainSim/out/uniform_headep_sobp_1e8/closed/crysp_ring_1m_bgo_2x0/sensitivity/grid64x64x96_1.5mm_orgm47.25_m47.25_m119.25_n1000000000"
n_sens = 1000000000
recocrysp_sha = "a6d900e9818aa27bda9bb2ef43ef21f54f1d5bb6"

[grid]
img_origin = [-47.25, -47.25, -119.25]
voxsize = [1.5, 1.5, 1.5]
n = [64, 64, 96]
