niter_plateau_check = 100
out_of_grid_frac = 0.0005892726018740102
n_events = 15245915
shard = 2
window_mm = [-36.45211098410399, -1.4521109841039888]
niter = 50
selection = "all-uncorrected"
roi_mm = 13.0

[final]
z0_err_mm = 0.17441032272961743
stability_spread_mm = 0.3191439309060282
w_mm = 9.041704053795009
r50_fit_mm = -15.443061307130057
r50_crossing_mm = -15.727836291180278

    [final.stability]
    "window_2.0mm" = -15.395599538685211
    "roi_15.0mm" = -15.532491814175199
    "roi_12.0mm" = -15.575890674352628
    "window_-2.0mm" = -15.123917376224028

[r50_vs_iter]
z0_err_mm = [0.17832874994688713, 0.17438864603201837, 0.17382118203073774, 0.17404181013475561, 0.17441032272961743, 0.17479005809878484, 0.17514614480154225, 0.17547062859300483, 0.17576150807799407, 0.17602142887771408]
iters = [10, 20, 30, 40, 50, 60, 70, 80, 90, 100]
r50_mm = [-15.548119625692518, -15.496585815005488, -15.464887859933437, -15.450075507773734, -15.443061307130057, -15.439587867260485, -15.43782101185258, -15.436957711939174, -15.436598865734181, -15.436540112689366]

[timing_s]
recon = 23.630935583
attenuation = 0.057210625

[reference]
dose_R80_mm = -5.583925305859627
activity_R50_crossing_mm = -16.45211098410399
activity_R50_fit_mm = -14.323083184884254

[sens]
cache = "/Users/jjgomezcadenas/Projects/CryspBrainSim/out/uniform_headep_sobp_1e8/closed/crysp_ring_1m_bgo_2x0/sensitivity/grid64x64x96_1.5mm_orgm47.25_m47.25_m119.25_n1000000000"
n_sens = 1000000000
recocrysp_sha = "a6d900e9818aa27bda9bb2ef43ef21f54f1d5bb6"

[grid]
img_origin = [-47.25, -47.25, -119.25]
voxsize = [1.5, 1.5, 1.5]
n = [64, 64, 96]
