niter_plateau_check = 100
out_of_grid_frac = 0.0005993568747321841
n_events = 15253016
shard = 5
window_mm = [-36.45211098410399, -1.4521109841039888]
niter = 50
selection = "all-uncorrected"
roi_mm = 13.0

[final]
z0_err_mm = 0.1758372815667835
stability_spread_mm = 0.24864015722086386
w_mm = 9.170293423470573
r50_fit_mm = -15.380698440013749
r50_crossing_mm = -16.101837789437596

    [final.stability]
    "window_2.0mm" = -15.318668667668035
    "roi_15.0mm" = -15.606036869854309
    "roi_12.0mm" = -15.591286974959969
    "window_-2.0mm" = -15.132058282792885

[r50_vs_iter]
z0_err_mm = [0.18285404986392415, 0.17779249534145547, 0.1764400706488532, 0.17602215959778708, 0.1758372815667835, 0.1757435993325569, 0.17570151321780916, 0.17569341485979512, 0.1757061867838202, 0.17573103978279114]
iters = [10, 20, 30, 40, 50, 60, 70, 80, 90, 100]
r50_mm = [-15.508257100789676, -15.45405542611724, -15.416461728931585, -15.394411723664007, -15.380698440013749, -15.371702803579039, -15.36552216008, -15.361129611158848, -15.357882656097823, -15.355377565971098]

[timing_s]
recon = 23.7736115
attenuation = 0.062110166

[reference]
dose_R80_mm = -5.583925305859627
activity_R50_crossing_mm = -16.45211098410399
activity_R50_fit_mm = -14.323083184884254

[sens]
cache = "/Users/jjgomezcadenas/Projects/CryspBrainSim/out/uniform_headep_sobp_1e8/closed/crysp_ring_1m_bgo_2x0/sensitivity/grid64x64x96_1.5mm_orgm47.25_m47.25_m119.25_n1000000000"
n_sens = 1000000000
recocrysp_sha = "a6d900e9818aa27bda9bb2ef43ef21f54f1d5bb6"

[grid]
img_origin = [-47.25, -47.25, -119.25]
voxsize = [1.5, 1.5, 1.5]
n = [64, 64, 96]
