niter_plateau_check = 100
out_of_grid_frac = 0.0005851202043698198
n_events = 15251567
shard = 4
window_mm = [-36.45211098410399, -1.4521109841039888]
niter = 50
selection = "all-uncorrected"
roi_mm = 13.0

[final]
z0_err_mm = 0.16757107268986537
stability_spread_mm = 0.24077898716035762
w_mm = 8.826880021312434
r50_fit_mm = -15.471031845644884
r50_crossing_mm = -15.912469096493886

    [final.stability]
    "window_2.0mm" = -15.340329577023159
    "roi_15.0mm" = -15.486398652612493
    "roi_12.0mm" = -15.409050410841745
    "window_-2.0mm" = -15.230252858484526

[r50_vs_iter]
z0_err_mm = [0.17084966185841763, 0.16685586088638724, 0.1665309292037109, 0.16700922177795954, 0.16757107268986537, 0.1680704955935181, 0.16849035101968884, 0.1688398006528345, 0.16913158990140847, 0.16937588757056724]
iters = [10, 20, 30, 40, 50, 60, 70, 80, 90, 100]
r50_mm = [-15.495779746310687, -15.470624806993625, -15.462446762817319, -15.465331948705305, -15.471031845644884, -15.47662533523238, -15.481280834816303, -15.484891363299463, -15.487604373935081, -15.489604229134146]

[timing_s]
recon = 23.725822625
attenuation = 0.054146458

[reference]
dose_R80_mm = -5.583925305859627
activity_R50_crossing_mm = -16.45211098410399
activity_R50_fit_mm = -14.323083184884254

[sens]
cache = "/Users/jjgomezcadenas/Projects/CryspBrainSim/out/uniform_headep_sobp_1e8/closed/crysp_ring_1m_bgo_2x0/sensitivity/grid64x64x96_1.5mm_orgm47.25_m47.25_m119.25_n1000000000"
n_sens = 1000000000
recocrysp_sha = "a6d900e9818aa27bda9bb2ef43ef21f54f1d5bb6"

[grid]
img_origin = [-47.25, -47.25, -119.25]
voxsize = [1.5, 1.5, 1.5]
n = [64, 64, 96]
