niter_plateau_check = 100
out_of_grid_frac = 0.0005841577929496034
n_events = 11031266
shard = 4
window_mm = [-36.45211098410399, -1.4521109841039888]
niter = 50
selection = "trues-only"
roi_mm = 13.0

[final]
z0_err_mm = 0.13860909339408703
stability_spread_mm = 0.2578655385706643
w_mm = 8.755345880961498
r50_fit_mm = -15.45960805308089
r50_crossing_mm = -15.755697123081534

    [final.stability]
    "window_2.0mm" = -15.329997395604153
    "roi_15.0mm" = -15.458705169148207
    "roi_12.0mm" = -15.373411889147311
    "window_-2.0mm" = -15.201742514510226

[r50_vs_iter]
z0_err_mm = [0.14180107428411298, 0.1379813758168213, 0.1378104714801342, 0.1381990878413421, 0.13860909339408703, 0.1389611382787021, 0.13925019495995866, 0.139485250162942, 0.13967626399444466, 0.1398318552123391]
iters = [10, 20, 30, 40, 50, 60, 70, 80, 90, 100]
r50_mm = [-15.464100337966089, -15.44422085771621, -15.443101442737342, -15.450914546602371, -15.45960805308089, -15.467187784565507, -15.473324167208338, -15.478154652726055, -15.48193870374833, -15.484904442167828]

[timing_s]
recon = 20.988083792
attenuation = 0.053712334

[reference]
dose_R80_mm = -5.583925305859627
activity_R50_crossing_mm = -16.45211098410399
activity_R50_fit_mm = -14.323083184884254

[sens]
cache = "/Users/jjgomezcadenas/Projects/CryspBrainSim/out/uniform_headep_sobp_1e8/closed/crysp_ring_1m_bgo_2x0/sensitivity/grid64x64x96_1.5mm_orgm47.25_m47.25_m119.25_n1000000000"
n_sens = 1000000000
recocrysp_sha = "a6d900e9818aa27bda9bb2ef43ef21f54f1d5bb6"

[grid]
img_origin = [-47.25, -47.25, -119.25]
voxsize = [1.5, 1.5, 1.5]
n = [64, 64, 96]
