niter_plateau_check = 100
out_of_grid_frac = 0.0006016330350175796
n_events = 11036628
shard = 5
window_mm = [-36.45211098410399, -1.4521109841039888]
niter = 50
selection = "trues-only"
roi_mm = 13.0

[final]
z0_err_mm = 0.14464759485366707
stability_spread_mm = 0.2680891108374084
w_mm = 9.069676941516956
r50_fit_mm = -15.404171049342146
r50_crossing_mm = -15.96365442099737

    [final.stability]
    "window_2.0mm" = -15.312659195205727
    "roi_15.0mm" = -15.60412331454051
    "roi_12.0mm" = -15.598318906273228
    "window_-2.0mm" = -15.136081938504738

[r50_vs_iter]
z0_err_mm = [0.1509855765865997, 0.14628596224488896, 0.1452773601127117, 0.14489328737068802, 0.14464759485366707, 0.14447486712679186, 0.14436039001202877, 0.14429168567352815, 0.14425610364885175, 0.14424265441286577]
iters = [10, 20, 30, 40, 50, 60, 70, 80, 90, 100]
r50_mm = [-15.509183537829292, -15.463128034494686, -15.431803434034583, -15.41444421048661, -15.404171049342146, -15.397808471850336, -15.393614847225317, -15.390631578190446, -15.388346271923488, -15.386477828278778]

[timing_s]
recon = 21.033795291
attenuation = 0.051283917

[reference]
dose_R80_mm = -5.583925305859627
activity_R50_crossing_mm = -16.45211098410399
activity_R50_fit_mm = -14.323083184884254

[sens]
cache = "/Users/jjgomezcadenas/Projects/CryspBrainSim/out/uniform_headep_sobp_1e8/closed/crysp_ring_1m_bgo_2x0/sensitivity/grid64x64x96_1.5mm_orgm47.25_m47.25_m119.25_n1000000000"
n_sens = 1000000000
recocrysp_sha = "a6d900e9818aa27bda9bb2ef43ef21f54f1d5bb6"

[grid]
img_origin = [-47.25, -47.25, -119.25]
voxsize = [1.5, 1.5, 1.5]
n = [64, 64, 96]
