niter_plateau_check = 100
out_of_grid_frac = 0.0005814163803480357
n_events = 11029961
shard = 1
window_mm = [-36.45211098410399, -1.4521109841039888]
niter = 50
selection = "trues-only"
roi_mm = 13.0

[final]
z0_err_mm = 0.13879310787184823
stability_spread_mm = 0.18724357579876383
w_mm = 8.762079937682987
r50_fit_mm = -15.451387673385367
r50_crossing_mm = -15.730270098787928

    [final.stability]
    "window_2.0mm" = -15.326567301630247
    "roi_15.0mm" = -15.522706793488732
    "roi_12.0mm" = -15.616899230688373
    "window_-2.0mm" = -15.264144097586604

[r50_vs_iter]
z0_err_mm = [0.14229516587834865, 0.13875170048074276, 0.1384753911693831, 0.1386356140737944, 0.13879310787184823, 0.13890669476310927, 0.13898548596333546, 0.13903964620903136, 0.1390767819193171, 0.1391016448191559]
iters = [10, 20, 30, 40, 50, 60, 70, 80, 90, 100]
r50_mm = [-15.507138782282151, -15.476903410002853, -15.460791182370343, -15.454235835753797, -15.451387673385367, -15.450412561018496, -15.450440590216042, -15.450953917232061, -15.4516560784563, -15.452363459998772]

[timing_s]
recon = 21.169379458
attenuation = 0.054658791

[reference]
dose_R80_mm = -5.583925305859627
activity_R50_crossing_mm = -16.45211098410399
activity_R50_fit_mm = -14.323083184884254

[sens]
cache = "/Users/jjgomezcadenas/Projects/CryspBrainSim/out/uniform_headep_sobp_1e8/closed/crysp_ring_1m_bgo_2x0/sensitivity/grid64x64x96_1.5mm_orgm47.25_m47.25_m119.25_n1000000000"
n_sens = 1000000000
recocrysp_sha = "a6d900e9818aa27bda9bb2ef43ef21f54f1d5bb6"

[grid]
img_origin = [-47.25, -47.25, -119.25]
voxsize = [1.5, 1.5, 1.5]
n = [64, 64, 96]
