niter_plateau_check = 100
out_of_grid_frac = 0.0005880835082513195
n_events = 15261438
shard = 6
window_mm = [-36.45211098410399, -1.4521109841039888]
niter = 50
selection = "all-uncorrected"
roi_mm = 13.0

[final]
z0_err_mm = 0.18311459200648061
stability_spread_mm = 0.2752328310766181
w_mm = 9.460656502018077
r50_fit_mm = -15.570730677139935
r50_crossing_mm = -16.060180951756045

    [final.stability]
    "window_2.0mm" = -15.516568207933764
    "roi_15.0mm" = -15.53555648219975
    "roi_12.0mm" = -15.736012682981018
    "window_-2.0mm" = -15.295497846063316

[r50_vs_iter]
z0_err_mm = [0.18484087742330424, 0.181912328203334, 0.18198534635025335, 0.1825812195752554, 0.18311459200648061, 0.1835221734761506, 0.18382659502066598, 0.18405800034674782, 0.18424062143781658, 0.1843916091113241]
iters = [10, 20, 30, 40, 50, 60, 70, 80, 90, 100]
r50_mm = [-15.608713254908153, -15.58286397266184, -15.569419849491513, -15.567842247108938, -15.570730677139935, -15.575419146047574, -15.580858599143026, -15.586388409220348, -15.591590812344192, -15.596252190545997]

[timing_s]
recon = 24.0618845
attenuation = 0.057995166

[reference]
dose_R80_mm = -5.583925305859627
activity_R50_crossing_mm = -16.45211098410399
activity_R50_fit_mm = -14.323083184884254

[sens]
cache = "/Users/jjgomezcadenas/Projects/CryspBrainSim/out/uniform_headep_sobp_1e8/closed/crysp_ring_1m_bgo_2x0/sensitivity/grid64x64x96_1.5mm_orgm47.25_m47.25_m119.25_n1000000000"
n_sens = 1000000000
recocrysp_sha = "a6d900e9818aa27bda9bb2ef43ef21f54f1d5bb6"

[grid]
img_origin = [-47.25, -47.25, -119.25]
voxsize = [1.5, 1.5, 1.5]
n = [64, 64, 96]
