niter_plateau_check = 100
out_of_grid_frac = 0.0005798403345564539
n_events = 11034072
shard = 0
window_mm = [-36.45211098410399, -1.4521109841039888]
niter = 50
selection = "trues-only"
roi_mm = 13.0

[final]
z0_err_mm = 0.1472260638151352
stability_spread_mm = 0.21030660483545205
w_mm = 9.269340573839935
r50_fit_mm = -15.630671415126574
r50_crossing_mm = -16.071790550727297

    [final.stability]
    "window_2.0mm" = -15.531785462126043
    "roi_15.0mm" = -15.539314384869934
    "roi_12.0mm" = -15.840978019962026
    "window_-2.0mm" = -15.533064534208313

[r50_vs_iter]
z0_err_mm = [0.14819991386437378, 0.14543677823858106, 0.14586795747961506, 0.14662328226940835, 0.1472260638151352, 0.14765496048821383, 0.14795392009501174, 0.1481637878862335, 0.14831307032837934, 0.14842088490696154]
iters = [10, 20, 30, 40, 50, 60, 70, 80, 90, 100]
r50_mm = [-15.67228716055207, -15.650022215102023, -15.637876819627648, -15.633418884342563, -15.630671415126574, -15.628344157337075, -15.62632444509361, -15.624649677662442, -15.623294964624716, -15.622202264389037]

[timing_s]
recon = 21.044910209
attenuation = 0.0522285

[reference]
dose_R80_mm = -5.583925305859627
activity_R50_crossing_mm = -16.45211098410399
activity_R50_fit_mm = -14.323083184884254

[sens]
cache = "/Users/jjgomezcadenas/Projects/CryspBrainSim/out/uniform_headep_sobp_1e8/closed/crysp_ring_1m_bgo_2x0/sensitivity/grid64x64x96_1.5mm_orgm47.25_m47.25_m119.25_n1000000000"
n_sens = 1000000000
recocrysp_sha = "a6d900e9818aa27bda9bb2ef43ef21f54f1d5bb6"

[grid]
img_origin = [-47.25, -47.25, -119.25]
voxsize = [1.5, 1.5, 1.5]
n = [64, 64, 96]
