kept_fraction = 0.427748845435917
kept_fraction_sys = 0.017685433113554746
R50_physical_mm = -14.323082935032772
R50_washed_mm = -14.10484702612188
delta_R50_washout_mm = 0.21823590891089317
delta_R50_washout_sys_mm = 0.01975255812398332
w_physical_mm = 9.971505900950694
w_washed_mm = 9.820069210847564

[meta]
model = "Mizuno brain 3-exp, uniform; central + MC param band"
n_mc = 1000
t_irr_s = 60.0
t1_s = 120.0
t2_s = 1320.0
window_lo_mm = -36.452
window_hi_mm = -1.452

[g_factor]
O15 = 0.44774139042544325
C11 = 0.3757087464042033
N13 = 0.3858791271012184
C10 = 0.5254206271763049
O14 = 0.47558269848882007

[g_factor_sys]
O15 = 0.01863700233668544
C11 = 0.016210930653699284
N13 = 0.01647767540938396
C10 = 0.01980179717753806
O14 = 0.019390121595847187

[abundance_fraction]
O15 = 0.688338535793268
C11 = 0.2379060043622711
N13 = 0.055970158787270206
C10 = 0.002241830501845858
O14 = 0.015543470555344828
