
[meta]
t_irr_s = 60.0
fit_window_lo_mm = -34.30150224094518
fit_window_hi_mm = 0.6984977590548169
proximal_margin_mm = 20.0
distal_margin_mm = 15.0
n_mc = 1000
mc_seed = 20260723
config = "run_parameters.toml"
frame = "native truth frame; all outputs are R50 differences"
level = "truth (origins); no reconstruction"

[result]
window_t1_s = 120.0
window_t2_s = 420.0
g_ratio_O15_C11 = 1.0448811282275667
f_O15 = 0.6964020569628181
R50_physical_mm = -14.388353132102242
R50_washed_mm = -14.336886854019541
delta_R50_washout_mm = 0.05146627808270132
quadrature_mm = 0.003980913919160851
joint_band_mm = 0.004206140499115436
joint_mean_mm = -0.00020371245029394557

[result.g_factor]
O15 = 0.4670722873010533
C11 = 0.44700997528144537
N13 = 0.4493634506424547
C10 = 0.5254236388912732
O14 = 0.4815572341130588

[result.one_at_a_time]

[result.one_at_a_time.M_fast]
sigma = 0.03
dR50_up_mm = -6.61243504396225e-10
dR50_dn_mm = 8.035998533273414e-09
dR50_sym_mm = 4.3486210188348196e-09
g_ratio_up = 1.0448811282276023
f_O15_up = 0.6964020569628235

[result.one_at_a_time.M_medium]
sigma = 0.03
dR50_up_mm = 0.0035047514465400553
dR50_dn_mm = -0.003689618782130921
dR50_sym_mm = 0.0035971851143354883
g_ratio_up = 1.0480676742835253
f_O15_up = 0.6969549179735871

[result.one_at_a_time.M_slow]
sigma = 0.01
dR50_up_mm = -0.0010057277414219357
dR50_dn_mm = 0.0010493761575691707
dR50_sym_mm = 0.0010275519494955532
g_ratio_up = 1.0439698584707537
f_O15_up = 0.6962434944388185

[result.one_at_a_time.T_fast]
sigma = 1.8
dR50_up_mm = 2.7582935047121282e-08
dR50_dn_mm = -3.5870417747219108e-09
dR50_sym_mm = 1.5584988410921596e-08
g_ratio_up = 1.0448811550148611
f_O15_up = 0.6964020610869427

[result.one_at_a_time.T_medium]
sigma = 18.0
dR50_up_mm = -0.0014707212981068807
dR50_dn_mm = 0.0009416652746043752
dR50_sym_mm = 0.001206193286355628
g_ratio_up = 1.0435092458306447
f_O15_up = 0.6961692941133121

[result.one_at_a_time.T_slow]
sigma = 2200.0
dR50_up_mm = -0.0004947295681922981
dR50_dn_mm = 0.0007656983460471167
dR50_sym_mm = 0.0006302139571197074
g_ratio_up = 1.0444356142535374
f_O15_up = 0.6963241276042761

[result.nsigma_bounds]

[result.nsigma_bounds.n1]
n = 1.0
M = [0.3232323232323232, 0.3333333333333333, 0.3434343434343434]
T_s = [4.9192062223139, 123.10910491702283, 8212.260527297041]
g_ratio_O15_C11 = 1.0507888730944082
f_O15 = 0.6974171628173278
dR50_mm = 0.006425636396189205

[result.nsigma_bounds.n1.g_factor]
O15 = 0.45857525823447404
C11 = 0.4364104626308441
N13 = 0.4389988406845427
C10 = 0.5247208699118795
O14 = 0.47472628902649

[result.nsigma_bounds.n2]
n = 2.0
M = [0.29591836734693877, 0.3673469387755102, 0.336734693877551]
T_s = [12.099294928825893, 108.25608366764669, 6617.723772760385]
g_ratio_O15_C11 = 1.0568585634490155
f_O15 = 0.6984447182363202
dR50_mm = 0.012916688326749082

[result.nsigma_bounds.n2.g_factor]
O15 = 0.44757378827874095
C11 = 0.4234944994135278
N13 = 0.42628974291747396
C10 = 0.5223004981856445
O14 = 0.4653408502240775

[result.nsigma_bounds.n3]
n = 3.0
M = [0.26804123711340205, 0.4020618556701031, 0.3298969072164948]
T_s = [29.759463449745674, 95.19506830104514, 5332.790866411085]
g_ratio_O15_C11 = 1.069377809225145
f_O15 = 0.7005183809865033
dR50_mm = 0.025974312667219834

[result.nsigma_bounds.n3.g_factor]
O15 = 0.4421729404979411
C11 = 0.41348617549707056
N13 = 0.4167675650138653
C10 = 0.5400281857560132
O14 = 0.46400227425114327

[result.nsigma_bounds.n5]
n = 5.0
M = [0.21052631578947367, 0.47368421052631576, 0.3157894736842105]
T_s = [180.03426260104362, 73.61032341960917, 3462.9513189881345]
g_ratio_O15_C11 = 1.0852743151433386
f_O15 = 0.7031826603151099
dR50_mm = 0.04274012346396283

[result.nsigma_bounds.n5.g_factor]
O15 = 0.5017318649067423
C11 = 0.46230879871184966
N13 = 0.46686230537163287
C10 = 0.6276499488354328
O14 = 0.5311227340579767
