frozen_niter = 50
niter = [10, 20, 30, 40, 50, 60, 70, 80, 90, 100, 110, 120, 130, 140, 150]
crystal = "csi"
realizations = 50
dose_Gy = 1.0
scanner = "crysp_r35_35cm_csi_2x0"

[[point]]
washed_mean_R50_mm = [-15.118443894180553, -15.09450049652623, -15.089543133574793, -15.088438065846626, -15.088206885510571, -15.088245883589298, -15.08840016009599, -15.088609750419655, -15.08884352252048, -15.089082968544922, -15.089316804749693, -15.089538487922255, -15.089744441612057, -15.089933503697928, -15.090105186276478]
washed_sigma_R_mm = [0.2199084476500077, 0.24845670544448067, 0.25986629624866564, 0.26572885753333636, 0.2688456060518687, 0.2705685004793024, 0.27158841189696403, 0.27223749950126697, 0.2726755299381777, 0.2729831146027389, 0.27320392202899896, 0.27336359531208027, 0.2734782369690361, 0.2735588182957907, 0.27361339554615416]
t_start_s = 120.0
[[point]]
washed_mean_R50_mm = [-15.747277003492123, -15.739198445718706, -15.740091111327304, -15.74076326490877, -15.741312126082999, -15.74181174198035, -15.742248578984299, -15.742621642285304, -15.742938376113438, -15.74320799580043, -15.743439418384396, -15.743640292250452, -15.743816502144211, -15.743972480004063, -15.744111446220268]
washed_sigma_R_mm = [0.20088554843824796, 0.21323807600081962, 0.21768593259687283, 0.22012872894384436, 0.2215263594701534, 0.22234721944705163, 0.2228541932178216, 0.22318832300227123, 0.2234236293418176, 0.22359892002725973, 0.2237355476223803, 0.2238453572678784, 0.22393611389222318, 0.22401276775280676, 0.22407881228390455]
t_start_s = 180.0
