
[meta]
method = "thinned firm-up, dose-adaptive, scaled to 1 Gy"
note = "supersedes the n=10 washout figures"

[bgo_195k]
t_start_s = [0.0, 60.0, 120.0, 180.0, 300.0]
inflation = [1.340274743442632, 1.4348612307809934, 1.7567654546258904, 1.1577342186557023, 2.019962387960247]
sigma_R_washed_1Gy_mm = [0.14283492773325898, 0.1381028220635731, 0.16172192661159013, 0.14156439647661292, 0.26069420788894204]
sigma_R_nominal_1Gy_mm = [0.10657137906394694, 0.0962482079109517, 0.0920566409054471, 0.12227711178908555, 0.12905894161335865]
dose_Gy = [0.2, 0.2, 0.3, 0.3, 0.5]

[csi]
t_start_s = [0.0, 60.0, 120.0, 180.0, 300.0]
inflation = [1.4807615397766745, 1.7387487259678975, 1.57203264858506, 1.5352436131472929, 1.8740946603907611]
sigma_R_washed_1Gy_mm = [0.15485243354222802, 0.21721347318163833, 0.18719504565060635, 0.24268270579028306, 0.3915514185938176]
sigma_R_nominal_1Gy_mm = [0.10457621256531457, 0.12492516597573555, 0.11907834472718812, 0.15807439530249967, 0.20892830382013708]
dose_Gy = [1.0, 0.2, 0.3, 0.3, 0.5]
