half_length_mm = 512.0
name = "crysp_ring_1m_bgo_2x0"
shape = "cyl_shell"
length_mm = 1024.0
n_z = 20
n_crystals = 1080
n_phi = 54
r_inner_mm = 437.0
r_outer_mm = 459.36
crystal_radial_mm = 22.360000000000003
wall_mm = 22.360000000000003
crystal_transverse_mm = 50.84725887476813
crystal_axial_mm = 51.2
