niter_plateau_check = 100
out_of_grid_frac = 0.0006126862510430222
n_events = 7351234
shard = 0
window_mm = [-36.45211098410399, -1.4521109841039888]
niter = 50
selection = "trues-only"
profile = "whole-plane"

[final]
z0_err_mm = 0.27188471841194534
stability_spread_mm = 0.3009052850423348
w_mm = 10.563659212362557
r50_fit_mm = -15.000902558343922
r50_crossing_mm = -16.369878749291043

    [final.stability]
    "window_2.0mm" = -15.026013752434837
    "window_-2.0mm" = -14.699997273301587

[r50_vs_iter]
z0_err_mm = [0.2716942603189361, 0.2720070057081908, 0.27216131914192865, 0.2720768448721167, 0.27188471841194534, 0.27169298621255933, 0.27153422495191865, 0.27140869935710027, 0.27130892537858464, 0.2712275209575372]
iters = [10, 20, 30, 40, 50, 60, 70, 80, 90, 100]
r50_mm = [-15.026273014169284, -15.000160191264918, -14.997253322380878, -14.998677917429243, -15.000902558343922, -15.002751816375117, -15.004031302981494, -15.00485515406006, -15.005374554899838, -15.005704992409493]

[timing_s]
recon = 13.951181458
attenuation = 0.046205333

[reference]
dose_R80_mm = -5.583925305859627
activity_R50_crossing_mm = -16.45211098410399
activity_R50_fit_mm = -14.323083184884254

[sens]
cache = "/Users/jjgomezcadenas/Projects/CryspBrainSim/out/uniform_headep_sobp_1e8/closed/crysp_chs_bgo_2x0/sensitivity/grid64x64x96_1.5mm_orgm47.25_m47.25_m119.25_n1000000000"
n_sens = 1000000000
recocrysp_sha = "a6d900e9818aa27bda9bb2ef43ef21f54f1d5bb6"

[grid]
img_origin = [-47.25, -47.25, -119.25]
voxsize = [1.5, 1.5, 1.5]
n = [64, 64, 96]
