niter_plateau_check = 100
out_of_grid_frac = 0.0006262603217846211
n_events = 10142747
shard = 0
window_mm = [-36.45211098410399, -1.4521109841039888]
niter = 50
selection = "all-uncorrected"
profile = "whole-plane"

[final]
z0_err_mm = 0.4709859215273571
stability_spread_mm = 0.27126829111544737
w_mm = 11.571091538383682
r50_fit_mm = -14.876437331281098
r50_crossing_mm = -16.495759831099296

    [final.stability]
    "window_2.0mm" = -14.862649020017665
    "window_-2.0mm" = -14.60516904016565

[r50_vs_iter]
z0_err_mm = [0.4614950994769358, 0.4653644886659296, 0.4691255682279697, 0.4706622908894164, 0.4709859215273571, 0.4709072269966717, 0.47078976231922903, 0.470730767790403, 0.470728883269412, 0.47075989264653945]
iters = [10, 20, 30, 40, 50, 60, 70, 80, 90, 100]
r50_mm = [-14.914955909929859, -14.892242894104783, -14.878325879378835, -14.875401321688335, -14.876437331281098, -14.877823266487551, -14.878608200265274, -14.878854650312569, -14.878816828168222, -14.87867690888737]

[timing_s]
recon = 17.233798083
attenuation = 0.041655958

[reference]
dose_R80_mm = -5.583925305859627
activity_R50_crossing_mm = -16.45211098410399
activity_R50_fit_mm = -14.323083184884254

[sens]
cache = "/Users/jjgomezcadenas/Projects/CryspBrainSim/out/uniform_headep_sobp_1e8/closed/crysp_chs_bgo_2x0/sensitivity/grid64x64x96_1.5mm_orgm47.25_m47.25_m119.25_n1000000000"
n_sens = 1000000000
recocrysp_sha = "a6d900e9818aa27bda9bb2ef43ef21f54f1d5bb6"

[grid]
img_origin = [-47.25, -47.25, -119.25]
voxsize = [1.5, 1.5, 1.5]
n = [64, 64, 96]
