
[meta]
t_start_s = 60.0
shards = 10
roi = "whole-plane"
model = "erfc"
window_lo_mm = -36.452
window_hi_mm = -1.452

[dose_fit]
R50_mm = -3.5799725936146762

[origins]
R50_mm = [-15.006974376701915, -15.02995427001479, -14.936932996752008, -14.984541855668263, -14.991415989474536, -14.926555093439019, -15.011143900045045, -14.971405452960187, -15.003722255138287, -14.989182105246112]
w_mm = [11.298173417313642, 11.399515754418356, 11.375413155855846, 11.4582225881329, 11.437915137394441, 11.367683973988019, 11.440722845328692, 11.538038564131488, 11.551157133472218, 11.395833145641816]
delta_R50_mean_mm = -11.40521023592934
delta_R50_std_mm = 0.032501918130481186
w_mean_mm = 11.426267571567742

[trues]
R50_mm = [-15.223504292121335, -15.25420173574322, -15.067474433071148, -15.242399087304602, -15.197837622802064, -15.132234746136488, -15.203999338843525, -15.09794935529797, -15.275333353860189, -15.149417215825098]
w_mm = [11.01436545027409, 10.725591768628854, 10.580685714386586, 10.869046041907122, 10.878687460645919, 10.864675729892673, 11.039814873747265, 10.970853691766884, 10.66667514617088, 10.839007932100376]
delta_R50_mean_mm = -11.604462524485887
delta_R50_std_mm = 0.06967320501588738
w_mean_mm = 10.844940380952064

[all_ev]
R50_mm = [-15.393388265678063, -15.179713896825021, -15.038937004205684, -15.194176962400313, -15.180819133412033, -15.067592279373981, -15.087476831138936, -15.118369697106727, -15.230762893295697, -15.112439578510513]
w_mm = [11.0289507256151, 11.115729804020626, 10.870737630627518, 11.039280893841005, 11.072212383196488, 11.121381158774476, 11.228864041431969, 11.264037418865309, 11.04350853747908, 11.178550910986337]
delta_R50_mean_mm = -11.58039506058002
delta_R50_std_mm = 0.10215259737034754
w_mean_mm = 11.09632535048379
