
[meta]
t_start_s = 180.0
shards = 10
roi = "whole-plane"
model = "erfc"
window_lo_mm = -36.452
window_hi_mm = -1.452

[dose_fit]
R50_mm = -3.5799725936146762

[origins]
R50_mm = [-16.147886123875193, -16.290877067836753, -16.209600425568087, -16.23695926263728, -16.236423530529642, -16.102618859605748, -16.186530970751576, -16.217060170735945, -16.284758275168727, -16.231906569528768]
w_mm = [11.75736402268702, 12.06623712665993, 11.801068747481741, 11.929130029074953, 11.943240075080968, 11.816275460168256, 11.999234506901495, 12.012724344497988, 12.129129480785554, 11.977417531729925]
delta_R50_mean_mm = -12.634489532009095
delta_R50_std_mm = 0.05756671557360873
w_mean_mm = 11.943182132506783

[trues]
R50_mm = [-16.384136577609365, -16.307876245693222, -16.221188230473466, -16.35577991602919, -16.374468194424967, -16.249016867766205, -16.32211388369903, -16.22379027340262, -16.431575290962552, -16.268266348029293]
w_mm = [11.610270264668195, 11.398727403145978, 10.98207386973831, 11.395175522800207, 11.413736596504961, 11.485799215788596, 11.418996275128753, 11.422121683412673, 11.235055349656447, 11.357112322006124]
delta_R50_mean_mm = -12.733848589194313
delta_R50_std_mm = 0.07250613915511733
w_mean_mm = 11.371906850285024

[all_ev]
R50_mm = [-16.39490507653656, -16.423949716641253, -16.219898293352664, -16.288542890970003, -16.39771606702543, -16.218069050429868, -16.220171421980552, -16.20599543678159, -16.482609984031903, -16.198707179869878]
w_mm = [11.773675941829843, 11.56589419629682, 11.310036572276205, 11.581186834100695, 11.703324725900156, 11.536490339740011, 11.610724853776844, 11.668703800272771, 11.431055052857483, 11.679927879248654]
delta_R50_mean_mm = -12.725083918147293
delta_R50_std_mm = 0.10839207799872116
w_mean_mm = 11.58610201962995
