
[meta]
t_start_s = 120.0
shards = 10
roi = "whole-plane"
model = "erfc"
window_lo_mm = -36.452
window_hi_mm = -1.452

[dose_fit]
R50_mm = -3.5799725936146762

[origins]
R50_mm = [-15.528015662577673, -15.605344997577232, -15.542831431197513, -15.542506734744977, -15.55357202889651, -15.506825550236362, -15.555952164607435, -15.53127141898078, -15.60257121305358, -15.581087032577893]
w_mm = [11.526636853802593, 11.749246208051405, 11.562039387492273, 11.763366855387002, 11.715304633255137, 11.572986637829878, 11.674358227758491, 11.814537167749837, 11.8128853027945, 11.739077436557544]
delta_R50_mean_mm = -11.975025229830319
delta_R50_std_mm = 0.03231314044621093
w_mean_mm = 11.693043871067866

[trues]
R50_mm = [-15.716151373155274, -15.761368865178543, -15.645734166863889, -15.773428531664772, -15.74530700253565, -15.642841418718326, -15.727959766520662, -15.603723555691726, -15.830037309816147, -15.688738440358003]
w_mm = [11.490314291403626, 11.092783451120244, 10.792880054760571, 11.214110954249916, 11.107665239168847, 11.314038553986117, 11.220737663278738, 11.236101411765699, 11.038794308569694, 11.108313607900048]
delta_R50_mean_mm = -12.133556449435622
delta_R50_std_mm = 0.06907358327107872
w_mean_mm = 11.16157395362035

[all_ev]
R50_mm = [-15.914460042616378, -15.778061763163635, -15.637866917896933, -15.682709909529992, -15.745972414570653, -15.564581262097994, -15.673063629864394, -15.595884078443781, -15.876068915990027, -15.640409437914142]
w_mm = [11.477740893203078, 11.374367612894432, 11.033018102493823, 11.354853841321592, 11.282500616696908, 11.490229554949046, 11.25102156686708, 11.498745967644105, 11.2490214773993, 11.430297549630835]
delta_R50_mean_mm = -12.130935243594115
delta_R50_std_mm = 0.11624929899105725
w_mean_mm = 11.34417971831002
