
[meta]
t_start_s = 300.0
shards = 10
roi = "whole-plane"
model = "erfc"
window_lo_mm = -36.452
window_hi_mm = -1.452

[dose_fit]
R50_mm = -3.5799725936146762

[origins]
R50_mm = [-17.55710685652621, -17.752207897000734, -17.641357081706953, -17.787785717885097, -17.707559530549496, -17.576149429470707, -17.66131266451873, -17.675140390298978, -17.776227117920136, -17.68361702565352]
w_mm = [12.150881179822226, 12.357275507311018, 12.060407014637851, 12.192242968283209, 12.158850720242466, 12.220672305739578, 12.229583905791378, 12.219830643329821, 12.500585658301201, 12.241969682354473]
delta_R50_mean_mm = -14.101873777538378
delta_R50_std_mm = 0.07787717714951775
w_mean_mm = 12.233229958581324

[trues]
R50_mm = [-17.702451743365334, -17.691912594355124, -17.507857173288752, -17.804385451947503, -17.6488198689073, -17.744322360561057, -17.677488993949762, -17.500373354726165, -17.77263660052698, -17.542687006384934]
w_mm = [11.866575982322475, 11.807522847481074, 11.175098250851802, 11.922122087614332, 11.411859922434687, 12.102635792347922, 11.485903656541279, 11.40440718718173, 11.406789352882031, 11.484892688893282]
delta_R50_mean_mm = -14.079320921186612
delta_R50_std_mm = 0.10866937639537641
w_mean_mm = 11.60678077685506

[all_ev]
R50_mm = [-17.664693094715155, -17.824532565219855, -17.483617859276084, -17.771955893420436, -17.63620974112573, -17.698191694126383, -17.652493470102584, -17.603911830081604, -17.756515638695927, -17.547781235308946]
w_mm = [11.94140948952029, 11.66949502538912, 11.766483282560586, 12.136311553344225, 11.386032750091003, 12.185835023585025, 11.479873825957746, 11.510829808615298, 11.61319115842046, 11.750781488676784]
delta_R50_mean_mm = -14.084017708592592
delta_R50_std_mm = 0.10419729099262164
w_mean_mm = 11.744024340616054
